# h_0	g	delta_effc	 omega
1.0	0	-5.5213579e-02	7.6386038e-01
1.0	1	-4.5415250e-02	7.2404558e-01
1.0	2	-2.9833161e-02	6.7251254e-01
1.0	3	-1.0621667e-02	6.1465192e-01
1.0	4	9.4591244e-03	5.5439318e-01
1.0	5	2.7777990e-02	4.9421942e-01
1.0	6	4.2387209e-02	4.3560948e-01
1.0	7	5.2278074e-02	3.7952055e-01
1.0	8	5.7350944e-02	3.2670429e-01
1.0	9	5.8192058e-02	2.7782282e-01
1.0	10	5.5773147e-02	2.3342865e-01
1.0	11	5.1172041e-02	1.9389684e-01
1.0	12	4.5371891e-02	1.5937452e-01
1.0	13	3.9153793e-02	1.2977525e-01
1.0	14	3.3067560e-02	1.0481474e-01
1.0	15	2.7452755e-02	8.4069635e-02
1.0	16	2.2483172e-02	6.7040541e-02
1.0	17	1.8215679e-02	5.3206113e-02
1.0	18	1.4632955e-02	4.2062678e-02
1.0	19	1.1676196e-02	3.3149002e-02
1.0	20	9.2677922e-03	2.6058767e-02
1.0	21	7.3257155e-03	2.0444184e-02
1.0	22	5.7718115e-03	1.6013954e-02
1.0	23	4.5359604e-03	1.2528098e-02
1.0	24	3.5576431e-03	9.7914058e-03
1.0	25	2.7859960e-03	7.6466278e-03
1.0	26	2.1790721e-03	5.9680482e-03
1.0	27	1.7027523e-03	4.6557454e-03
1.0	28	1.3295681e-03	3.6306592e-03
1.0	29	1.0375753e-03	2.8304551e-03
1.0	30	8.0934502e-04	2.2061198e-03
2.5	0	-4.7805564e-01	2.4538854e-01
2.5	1	-3.5997673e-01	2.1020418e-01
2.5	2	-2.2285714e-01	1.8223167e-01
2.5	3	-7.7040677e-02	1.6088554e-01
2.5	4	6.8553168e-02	1.4497467e-01
2.5	5	2.0649957e-01	1.3315968e-01
2.5	6	3.3071807e-01	1.2417684e-01
2.5	7	4.3634197e-01	1.1692702e-01
2.5	8	5.1970790e-01	1.1050680e-01
2.5	9	5.7846944e-01	1.0422251e-01
2.5	10	6.1177318e-01	9.7599715e-02
2.5	11	6.2039549e-01	9.0385224e-02
2.5	12	6.0673093e-01	8.2533348e-02
2.5	13	5.7455785e-01	7.4171319e-02
2.5	14	5.2858038e-01	6.5545519e-02
2.5	15	4.7383007e-01	5.6957737e-02
2.5	16	4.1506469e-01	4.8704531e-02
2.5	17	3.5629833e-01	4.1031415e-02
2.5	18	3.0054132e-01	3.4107895e-02
2.5	19	2.4975439e-01	2.8022650e-02
2.5	20	2.0496463e-01	2.2793380e-02
2.5	21	1.6646877e-01	1.8384227e-02
2.5	22	1.3405684e-01	1.4724726e-02
2.5	23	1.0721222e-01	1.1726430e-02
2.5	24	8.5267568e-02	9.2955007e-03
2.5	25	6.7513681e-02	7.3411413e-03
2.5	26	5.3267642e-02	5.7804861e-03
2.5	27	4.1910109e-02	4.5408885e-03
2.5	28	3.2901399e-02	3.5604704e-03
2.5	29	2.5784267e-02	2.7876328e-03
2.5	30	2.0179127e-02	2.1800274e-03
4.0	0	-8.6714113e-01	5.6840453e-02
4.0	1	-6.2263910e-01	4.6425364e-02
4.0	2	-3.7424017e-01	3.9048280e-02
4.0	3	-1.2756721e-01	3.3975042e-02
4.0	4	1.1347016e-01	3.0602943e-02
4.0	5	3.4595917e-01	2.8464168e-02
4.0	6	5.6745132e-01	2.7202289e-02
4.0	7	7.7558852e-01	2.6543179e-02
4.0	8	9.6785837e-01	2.6270377e-02
4.0	9	1.1414579e+00	2.6207821e-02
4.0	10	1.2932589e+00	2.6209469e-02
4.0	11	1.4198794e+00	2.6154035e-02
4.0	12	1.5178752e+00	2.5943105e-02
4.0	13	1.5840595e+00	2.5501316e-02
4.0	14	1.6159437e+00	2.4777725e-02
4.0	15	1.6122555e+00	2.3747627e-02
4.0	16	1.5734419e+00	2.2413941e-02
4.0	17	1.5020244e+00	2.0807054e-02
4.0	18	1.4026637e+00	1.8981985e-02
4.0	19	1.2818428e+00	1.7012271e-02
4.0	20	1.1471849e+00	1.4980971e-02
4.0	21	1.0065494e+00	1.2970353e-02
4.0	22	8.6712742e-01	1.1052437e-02
4.0	23	7.3475010e-01	9.2823708e-03
4.0	24	6.1353247e-01	7.6955950e-03
4.0	25	5.0585575e-01	6.3085693e-03
4.0	26	4.1260105e-01	5.1219809e-03
4.0	27	3.3351241e-01	4.1250844e-03
4.0	28	2.6758104e-01	3.3000463e-03
4.0	29	2.1338076e-01	2.6256013e-03
4.0	30	1.6932366e-01	2.0797502e-03
5.5	0	-1.0286551e+00	1.2554623e-02
5.5	1	-7.2725007e-01	1.0121683e-02
5.5	2	-4.3303552e-01	8.4453136e-03
5.5	3	-1.4696132e-01	7.3201468e-03
5.5	4	1.3070564e-01	6.5929277e-03
5.5	5	4.0001690e-01	6.1522857e-03
5.5	6	6.6108887e-01	5.9177176e-03
5.5	7	9.1392777e-01	5.8301585e-03
5.5	8	1.1583069e+00	5.8449751e-03
5.5	9	1.3936763e+00	5.9272762e-03
5.5	10	1.6190913e+00	6.0490195e-03
5.5	11	1.8331501e+00	6.1873068e-03
5.5	12	2.0339389e+00	6.3233488e-03
5.5	13	2.2189866e+00	6.4417453e-03
5.5	14	2.3852385e+00	6.5298918e-03
5.5	15	2.5290680e+00	6.5774536e-03
5.5	16	2.6463499e+00	6.5759349e-03
5.5	17	2.7326286e+00	6.5184081e-03
5.5	18	2.7834150e+00	6.3994766e-03
5.5	19	2.7946354e+00	6.2155171e-03
5.5	20	2.7632263e+00	5.9651917e-03
5.5	21	2.6878210e+00	5.6501371e-03
5.5	22	2.5694047e+00	5.2756352e-03
5.5	23	2.4117606e+00	4.8509922e-03
5.5	24	2.2215180e+00	4.3893466e-03
5.5	25	2.0076830e+00	3.9067477e-03
5.5	26	1.7806831e+00	3.4205713e-03
5.5	27	1.5511216e+00	2.9475921e-03
5.5	28	1.3285501e+00	2.5021779e-03
5.5	29	1.1205458e+00	2.0950255e-03
5.5	30	9.3225745e-01	1.7326542e-03
7.0	0	-1.0792141e+00	2.7819432e-03
7.0	1	-7.5963071e-01	2.2360173e-03
7.0	2	-4.5111448e-01	1.8622118e-03
7.0	3	-1.5290661e-01	1.6126883e-03
7.0	4	1.3598877e-01	1.4524415e-03
7.0	5	4.1663055e-01	1.3563942e-03
7.0	6	6.9001991e-01	1.3066397e-03
7.0	7	9.5702148e-01	1.2902005e-03
7.0	8	1.2183148e+00	1.2974042e-03
7.0	9	1.4743652e+00	1.3208149e-03
7.0	10	1.7254051e+00	1.3545819e-03
7.0	11	1.9714177e+00	1.3940622e-03
7.0	12	2.2121190e+00	1.4355951e-03
7.0	13	2.4469328e+00	1.4763460e-03
7.0	14	2.6749568e+00	1.5141713e-03
7.0	15	2.8949186e+00	1.5474846e-03
7.0	16	3.1051215e+00	1.5751217e-03
7.0	17	3.3033823e+00	1.5962092e-03
7.0	18	3.4869655e+00	1.6100446e-03
7.0	19	3.6525252e+00	1.6159943e-03
7.0	20	3.7960674e+00	1.6134144e-03
7.0	21	3.9129606e+00	1.6016023e-03
7.0	22	3.9980232e+00	1.5797824e-03
7.0	23	4.0457328e+00	1.5471350e-03
7.0	24	4.0505956e+00	1.5028750e-03
7.0	25	4.0077061e+00	1.4463833e-03
7.0	26	3.9134885e+00	1.3773856e-03
7.0	27	3.7665472e+00	1.2961567e-03
7.0	28	3.5684728e+00	1.2037079e-03
7.0	29	3.3243767e+00	1.1018997e-03
7.0	30	3.0429198e+00	9.9342078e-04
8.5	0	-1.0934611e+00	6.1911725e-04
8.5	1	-7.6873114e-01	4.9728066e-04
8.5	2	-4.5618765e-01	4.1397424e-04
8.5	3	-1.5457374e-01	3.5843351e-04
8.5	4	1.3747019e-01	3.2281558e-04
8.5	5	4.2129197e-01	3.0151976e-04
8.5	6	6.9814737e-01	2.9055780e-04
8.5	7	9.6915085e-01	2.8704745e-04
8.5	8	1.2352506e+00	2.8884774e-04
8.5	9	1.4972208e+00	2.9431975e-04
8.5	10	1.7556634e+00	3.0218156e-04
8.5	11	2.0110156e+00	3.1142476e-04
8.5	12	2.2635564e+00	3.2126537e-04
8.5	13	2.5134119e+00	3.3111051e-04
8.5	14	2.7605551e+00	3.4053016e-04
8.5	15	3.0048004e+00	3.4922946e-04
8.5	16	3.2457904e+00	3.5702093e-04
8.5	17	3.4829745e+00	3.6379750e-04
8.5	18	3.7155780e+00	3.6950758e-04
8.5	19	3.9425615e+00	3.7413324e-04
8.5	20	4.1625680e+00	3.7767170e-04
8.5	21	4.3738597e+00	3.8012022e-04
8.5	22	4.5742433e+00	3.8146388e-04
8.5	23	4.7609879e+00	3.8166590e-04
8.5	24	4.9307409e+00	3.8066023e-04
8.5	25	5.0794538e+00	3.7834634e-04
8.5	26	5.2023364e+00	3.7458663e-04
8.5	27	5.2938674e+00	3.6920741e-04
8.5	28	5.3479027e+00	3.6200494e-04
8.5	29	5.3579272e+00	3.5275847e-04
8.5	30	5.3175017e+00	3.4125226e-04
10.0	0	-1.0972807e+00	1.3803054e-04
10.0	1	-7.7116955e-01	1.1085037e-04
10.0	2	-4.5754650e-01	9.2271625e-05
10.0	3	-1.5502021e-01	7.9888490e-05
10.0	4	1.3786693e-01	7.1949797e-05
10.0	5	4.2254050e-01	6.7205901e-05
10.0	6	7.0032487e-01	6.4767479e-05
10.0	7	9.7240194e-01	6.3992239e-05
10.0	8	1.2397928e+00	6.4403443e-05
10.0	9	1.5033557e+00	6.5636504e-05
10.0	10	1.7637943e+00	6.7406649e-05
10.0	11	2.0216713e+00	6.9490334e-05
10.0	12	2.2774236e+00	7.1714369e-05
10.0	13	2.5313768e+00	7.3948578e-05
10.0	14	2.7837574e+00	7.6099617e-05
10.0	15	3.0347018e+00	7.8104958e-05
10.0	16	3.2842615e+00	7.9926876e-05
10.0	17	3.5324052e+00	8.1546670e-05
10.0	18	3.7790150e+00	8.2959388e-05
10.0	19	4.0238794e+00	8.4169291e-05
10.0	20	4.2666800e+00	8.5186129e-05
10.0	21	4.5069726e+00	8.6022207e-05
10.0	22	4.7441616e+00	8.6690146e-05
10.0	23	4.9774659e+00	8.7201202e-05
10.0	24	5.2058759e+00	8.7564001e-05
10.0	25	5.4280996e+00	8.7783563e-05
10.0	26	5.6424972e+00	8.7860494e-05
10.0	27	5.8470035e+00	8.7790266e-05
10.0	28	6.0390393e+00	8.7562530e-05
10.0	29	6.2154135e+00	8.7160445e-05
10.0	30	6.3722256e+00	8.6560056e-05
11.5	0	-1.0982746e+00	3.0791514e-05
11.5	1	-7.7180394e-01	2.4727381e-05
11.5	2	-4.5790000e-01	2.0582591e-05
11.5	3	-1.5513635e-01	1.7820168e-05
11.5	4	1.3797014e-01	1.6049335e-05
11.5	5	4.2286530e-01	1.4991275e-05
11.5	6	7.0089136e-01	1.4447592e-05
11.5	7	9.7324782e-01	1.4275021e-05
11.5	8	1.2409748e+00	1.4367241e-05
11.5	9	1.5049524e+00	1.4642962e-05
11.5	10	1.7659110e+00	1.5038708e-05
11.5	11	2.0244462e+00	1.5504675e-05
11.5	12	2.2810363e+00	1.6002310e-05
11.5	13	2.5360596e+00	1.6502673e-05
11.5	14	2.7898096e+00	1.6985071e-05
11.5	15	3.0425083e+00	1.7435717e-05
11.5	16	3.2943169e+00	1.7846405e-05
11.5	17	3.5453440e+00	1.8213231e-05
11.5	18	3.7956512e+00	1.8535431e-05
11.5	19	4.0452561e+00	1.8814395e-05
11.5	20	4.2941330e+00	1.9052858e-05
11.5	21	4.5422112e+00	1.9254279e-05
11.5	22	4.7893703e+00	1.9422382e-05
11.5	23	5.0354330e+00	1.9560836e-05
11.5	24	5.2801540e+00	1.9673029e-05
11.5	25	5.5232054e+00	1.9761925e-05
11.5	26	5.7641568e+00	1.9829976e-05
11.5	27	6.0024497e+00	1.9879053e-05
11.5	28	6.2373655e+00	1.9910408e-05
11.5	29	6.4679839e+00	1.9924622e-05
11.5	30	6.6931322e+00	1.9921558e-05
