# h_0	g	iX	iY	
1.0	0	4.163336342344336410e-17	2.938677525021296937e-17
1.0	1	6.938893903907228378e-17	4.514451798042844963e-17
1.0	2	6.162975822039154730e-33	5.795085290206985364e-18
1.0	3	3.469446951953613573e-17	6.243373915931094850e-17
1.0	4	-1.387778780781447524e-17	-5.343396392951655381e-17
1.0	5	6.245004513516503075e-17	8.751330236918535370e-18
1.0	6	-7.703719777548943412e-34	3.606282821072331745e-17
1.0	7	-6.938893903907214511e-18	7.291031362424506081e-17
1.0	8	2.428612866367530548e-17	-5.869507383710657879e-18
1.0	9	3.816391647148974991e-17	-2.672684153559455570e-17
1.0	10	1.040834085586083948e-17	6.658269531745034578e-17
1.0	11	2.949029909160571444e-17	-3.341672067950696792e-17
1.0	12	2.428612866367528700e-17	-2.970269164629943812e-18
1.0	13	2.428612866367530240e-17	-4.426747476361328866e-17
1.0	14	2.341876692568688653e-17	4.727257462180408349e-18
1.0	15	-1.127570259384924765e-17	-4.092562709214991881e-17
1.0	16	4.770489558936203486e-17	5.111434252845414591e-17
1.0	17	8.239936510889861432e-18	6.082063614145650287e-17
1.0	18	4.206704429243741180e-17	3.542971762643697290e-17
1.0	19	9.974659986866602274e-18	1.705392136898463976e-17
1.0	20	5.247538514829792773e-17	5.940239429788807162e-17
1.0	21	2.081668171172159577e-17	5.806732293073458771e-18
1.0	22	-1.387778780781437818e-17	2.424574663215449320e-17
1.0	23	-4.889751797909710663e-17	-6.067795184288229826e-17
1.0	24	2.612927235690026243e-17	4.404213371995021824e-17
1.0	25	-3.469446951953648085e-17	1.471136654158549475e-17
1.0	26	1.160096324559478651e-17	1.093555795808725262e-17
1.0	27	1.604619215278525608e-17	2.435319965452814485e-17
1.0	28	-9.161508357502410778e-18	2.537720972933297858e-17
1.0	29	1.840433187794197395e-17	-4.756869082873610804e-17
1.0	30	6.776263578034355720e-18	-1.476171120279671594e-17
2.5	0	-3.469446951953612956e-17	-2.540854435261646600e-17
2.5	1	1.734723475976817571e-17	-4.706932571153717039e-18
2.5	2	4.336808689942020818e-17	1.609642718991112392e-17
2.5	3	-4.336808689942016503e-17	3.652809973573289924e-18
2.5	4	-8.673617379884035472e-18	-2.723878873462714932e-17
2.5	5	5.204170427930429295e-17	-4.213806382587510971e-17
2.5	6	1.301042606982605321e-17	-4.079121066185660172e-18
2.5	7	3.469446951953621584e-17	-5.376477942957029105e-17
2.5	8	3.903127820947818428e-17	-6.354055081037007185e-18
2.5	9	2.157041537713704155e-32	-4.684732728058482881e-17
2.5	10	-4.336808689941996166e-18	-6.311048025892201318e-17
2.5	11	1.734723475976808943e-17	-4.368293910667096863e-17
2.5	12	3.252606517456518232e-17	-6.142227127957218202e-17
2.5	13	-2.602085213965213107e-17	-2.645098357906527909e-17
2.5	14	1.517883041479710522e-17	-3.859474490987145021e-17
2.5	15	5.421010862427534496e-18	-2.208852587360312558e-17
2.5	16	-7.589415207398527957e-18	-2.478607177313342665e-17
2.5	17	-1.463672932855432219e-17	-1.976045361845818474e-17
2.5	18	-7.589415207398532579e-18	-1.197620499716243972e-17
2.5	19	3.252606517456514843e-18	-7.552876868765566404e-18
2.5	20	2.222614453595288404e-17	-1.956638933515291286e-17
2.5	21	2.561427632496995905e-17	1.006942512809136177e-17
2.5	22	1.531435568635769775e-17	5.068326874665827274e-18
2.5	23	-1.870248747537500387e-17	-1.632809034229572668e-17
2.5	24	-8.131516293641340263e-18	-7.160714544172823183e-18
2.5	25	1.192622389734054569e-17	-2.019795969819148447e-18
2.5	26	-1.480613591800522848e-17	-8.831918035764527203e-18
2.5	27	1.585645677260053624e-17	-1.819883273739698368e-17
2.5	28	5.149960319306163010e-18	1.867792359275987498e-17
2.5	29	-2.129440829397338170e-17	3.633505381312512955e-18
2.5	30	1.931235119739764406e-17	1.190144428426619878e-17
4.0	0	-2.775557561562877176e-17	-5.044980912341001752e-18
4.0	1	-6.938893903907228378e-18	-4.112660784991386828e-18
4.0	2	-4.163336342344317305e-17	1.944828003239611584e-17
4.0	3	1.734723475976812641e-17	-2.360410386523565928e-17
4.0	4	1.561251128379138711e-17	-4.468697483459074659e-17
4.0	5	-4.510281037539671328e-17	6.700743599037313978e-17
4.0	6	-4.510281037539676259e-17	5.436858743925213093e-17
4.0	7	-5.724587470723410410e-17	1.025645093302136160e-16
4.0	8	3.469446951953618811e-18	-1.464889722238376168e-17
4.0	9	-1.821459649775639129e-17	4.296739832612399379e-17
4.0	10	1.040834085586085027e-17	-1.113838534144128086e-17
4.0	11	2.602085213965218345e-18	-1.380183474430441617e-17
4.0	12	-1.214306433183764350e-17	-9.693274505313938078e-18
4.0	13	-4.770489558936194858e-18	2.787851734862305723e-17
4.0	14	2.168404344971012720e-18	1.430577705862287953e-17
4.0	15	-9.107298248878240327e-18	-1.110257511601676533e-17
4.0	16	-3.903127820947782066e-18	3.147464543796343202e-17
4.0	17	-5.637851296924608420e-18	8.617799782406437013e-18
4.0	18	-1.138412281109776882e-17	1.308902316857599916e-17
4.0	19	7.047314121155772658e-18	8.546926230785060347e-18
4.0	20	-3.957337929572090414e-18	6.417492597235823848e-18
4.0	21	-3.144186300207962088e-18	4.992153342682785119e-18
4.0	22	1.680513367352530717e-18	4.520132743133331866e-18
4.0	23	4.634964287375537618e-18	-2.430878007885270507e-18
4.0	24	-8.510987054011225214e-18	-2.427892942298517897e-18
4.0	25	-4.689174395999805136e-18	1.615159328666749386e-18
4.0	26	-3.997995511040304534e-18	-3.054112790726656888e-18
4.0	27	1.015084283989550599e-17	-3.874920421694690689e-18
4.0	28	3.347474207548984925e-18	2.860591869243787839e-18
4.0	29	-9.554531645028804418e-19	4.949794257191573170e-18
4.0	30	-7.040537857577698196e-18	7.736737984823718022e-18
5.5	0	5.247538514829921579e-17	-2.994304829118049446e-18
5.5	1	4.531965080989457838e-17	-9.296488307280377998e-18
5.5	2	-4.651227319962759788e-17	2.516408490783785154e-17
5.5	3	5.903480829183659157e-17	-4.326087098012994752e-17
5.5	4	4.710858439449595652e-17	-5.489302817092617548e-17
5.5	5	2.802662615875067172e-17	-4.530780228592239545e-17
5.5	6	5.128276275856558000e-17	-8.450200881477511990e-17
5.5	7	-1.729302465114365089e-17	3.021484941923901527e-17
5.5	8	2.862293735361790254e-17	-6.580096733170673438e-17
5.5	9	1.938011383317872456e-17	-4.916254375810215459e-17
5.5	10	2.713215936645046953e-17	-7.072324255785224981e-17
5.5	11	1.595132446269331987e-17	-4.901655939963841524e-17
5.5	12	1.132991270247374320e-17	-3.876802281896746172e-17
5.5	13	2.385244779468129784e-18	-1.102314587195568490e-17
5.5	14	3.577867169202191595e-18	-1.363860203926904882e-17
5.5	15	4.397795062144371272e-18	-1.251577842380430859e-17
5.5	16	6.037650848028707513e-18	-1.402109018899205581e-17
5.5	17	-1.416239087809172834e-18	-1.082039082095308427e-17
5.5	18	-3.279711571768646291e-18	3.790649039772675718e-19
5.5	19	7.453889935837916169e-19	5.113714349376557214e-18
5.5	20	3.931926941154495300e-18	-6.556538489850713013e-18
5.5	21	5.404070203482457348e-19	-5.462396513107588470e-18
5.5	22	-1.378969638129986122e-18	-7.207971593063034696e-18
5.5	23	1.742346772502105812e-18	-4.417841851186196589e-18
5.5	24	3.978513753253482589e-18	-5.062978880520082739e-18
5.5	25	2.338657967369148658e-18	-3.060802180957658263e-18
5.5	26	-1.225233158203347752e-18	-8.716259059277217820e-19
5.5	27	2.879064987717383030e-18	-1.244682943815774636e-18
5.5	28	1.733029410082298109e-18	-1.651085061409684445e-20
5.5	29	-3.661723430980359625e-18	-1.194576812934292232e-18
5.5	30	2.487735766085859296e-18	2.037135458972399855e-18
7.0	0	-1.121336096893038298e-16	2.437075054348932244e-17
7.0	1	1.182051418552427212e-16	-5.205070064171877270e-17
7.0	2	1.903045863255472550e-16	-1.271441430266486923e-16
7.0	3	-5.141828803012255794e-17	4.966858860487456254e-17
7.0	4	-6.868420762695209599e-17	7.603773001921097039e-17
7.0	5	-2.675268860607900840e-17	3.631998413334356797e-17
7.0	6	3.567025147477467360e-17	-5.230249235775265260e-17
7.0	7	2.637321784571090609e-17	-4.324839939533885432e-17
7.0	8	6.887394300715006314e-17	-1.282493350146764217e-16
7.0	9	4.468268203356320255e-17	-9.151650115805195796e-17
7.0	10	1.536856579498266014e-17	-3.444315364183221625e-17
7.0	11	-1.432502120396406173e-17	3.425116059280382790e-17
7.0	12	-1.579547040039709263e-17	4.266320834731578313e-17
7.0	13	-1.584290424544320095e-17	4.187022150989704771e-17
7.0	14	7.233661369552040748e-18	-2.053503975201848318e-17
7.0	15	1.453847350667469073e-17	-4.763233496015662810e-17
7.0	16	1.012712591737348413e-17	-3.314719165372561949e-17
7.0	17	7.008350605582721955e-18	-2.359311272364611466e-17
7.0	18	1.162129203632940895e-18	-6.257705333583608885e-18
7.0	19	4.933119884809538213e-18	-1.803468910032532312e-17
7.0	20	3.741344528022624391e-18	-1.448560117882347094e-17
7.0	21	4.031876828931039689e-18	-1.649206587574013695e-17
7.0	22	-1.301466123456131937e-18	5.825714329847859985e-18
7.0	23	3.676122991083779990e-19	-2.329813049657659156e-18
7.0	24	2.312399946004444074e-18	-6.867763820758849640e-18
7.0	25	9.901815153403331409e-19	-4.102781307312436257e-18
7.0	26	-3.631653761352515148e-19	2.546881415181442126e-18
7.0	27	-8.893845946164857253e-21	-1.503645260757513293e-18
7.0	28	9.160661324555448834e-19	-1.451832050602461741e-18
7.0	29	6.751911380801233505e-19	-2.497081787681616348e-18
7.0	30	5.906996015914681804e-19	-9.849241743948402997e-19
8.5	0	-7.084583570834855562e-18	2.402657381420569088e-18
8.5	1	-4.532981520525630517e-17	2.498393063081751240e-17
8.5	2	-2.816553956209805970e-17	2.058648015401586995e-17
8.5	3	7.833360696207926692e-18	-6.628619553708107173e-18
8.5	4	-2.868392372581723545e-17	3.064910525545450077e-17
8.5	5	-3.300379175681284830e-17	4.173581312302067727e-17
8.5	6	-4.227710846334968669e-17	5.983878516577122957e-17
8.5	7	-1.987139294258404939e-17	3.161281983132208935e-17
8.5	8	4.861291490883185824e-17	-8.447313285282238897e-17
8.5	9	-2.741676243672215206e-17	5.177408511946384342e-17
8.5	10	-5.039846036162863610e-18	1.067112568878671982e-17
8.5	11	-8.438142220546608124e-18	1.854695971339807196e-17
8.5	12	-1.275801025154212391e-17	3.054946349402266300e-17
8.5	13	-6.962187309955895798e-18	1.800782497177463301e-17
8.5	14	-2.159934015498379198e-18	5.517343370096342887e-18
8.5	15	-4.773454174250991722e-18	1.381336906362415317e-17
8.5	16	-5.486232399365138790e-18	1.597634265756464469e-17
8.5	17	-3.671887826347339970e-19	1.026479916342725253e-18
8.5	18	-3.275899923505471923e-18	1.018348697857842969e-17
8.5	19	-1.103366292917036297e-18	4.103107588855205763e-18
8.5	20	-3.401896074409937366e-19	1.465381544193650082e-18
8.5	21	1.961940064077837198e-19	-9.484644358782253615e-19
8.5	22	-7.739763555536142867e-20	8.300220902364669851e-20
8.5	23	-9.386713242352000826e-19	3.837303859045294955e-18
8.5	24	-7.019785550368598502e-19	3.249501096503410483e-18
8.5	25	-2.290430028934828140e-19	3.065885123415042505e-20
8.5	26	8.189749808765611034e-20	-6.574804044531840622e-19
8.5	27	-2.497423705419883285e-20	2.944500381868452742e-19
8.5	28	6.425803696110089137e-19	-2.723668121739197185e-18
8.5	29	1.916941438754880029e-19	4.072154284094554919e-19
8.5	30	1.019218863563358321e-19	4.968467995003292634e-19
10.0	0	6.716971271729974069e-17	-3.019381530264296791e-17
10.0	1	7.896041134309335717e-17	-4.847874390727922212e-17
10.0	2	3.354250471127132573e-18	-2.615391890799585742e-18
10.0	3	8.990407702164083310e-17	-8.292976960946133407e-17
10.0	4	-8.031566405859135026e-17	8.582139728223667477e-17
10.0	5	3.806566064962394817e-17	-4.615207851086878848e-17
10.0	6	4.767101427150052068e-17	-6.438437177707876947e-17
10.0	7	4.656140111060103572e-17	-6.913603260438858283e-17
10.0	8	1.014745470810835771e-17	-1.646837811184316696e-17
10.0	9	2.118429401083980131e-17	-3.713630738447922478e-17
10.0	10	2.175180608550308530e-17	-4.102151018857977380e-17
10.0	11	1.685595565037001534e-17	-3.398259866191800996e-17
10.0	12	1.185846126156599486e-17	-2.528150346370643230e-17
10.0	13	7.718587731857942631e-18	-1.760530984258195391e-17
10.0	14	1.196434037997640932e-17	-2.866982238517534216e-17
10.0	15	1.624185676360341227e-18	-4.049961040505013618e-18
10.0	16	1.276902167986029554e-18	-3.338712301287604542e-18
10.0	17	-5.891114148148970374e-18	1.635112186407962429e-17
10.0	18	3.072612016166582246e-18	-8.874095545691914005e-18
10.0	19	2.203344454046298774e-18	-6.597770704015975571e-18
10.0	20	9.799112408551179943e-19	-3.310451032086944541e-18
10.0	21	-1.988409843677988621e-18	6.639104775723463717e-18
10.0	22	-1.202786785100407754e-18	4.202855063659525646e-18
10.0	23	4.865145490793489946e-19	-1.868359913559897522e-18
10.0	24	4.196783555850356621e-19	-1.540591824827572663e-18
10.0	25	1.030997915486237898e-19	-4.875507571471841652e-19
10.0	26	5.466009487753707919e-19	-1.973689558165552848e-18
10.0	27	2.677418206712982351e-19	-1.152899447283274635e-18
10.0	28	-4.059802446406823969e-19	1.719075214229817073e-18
10.0	29	2.736313466326961589e-19	-9.563251591638585937e-19
10.0	30	1.408523147055647007e-19	-3.805287066130137246e-19
11.5	0	1.163937618978726690e-16	-6.080919754039267858e-17
11.5	1	-5.447099477195307600e-17	3.617854741987248243e-17
11.5	2	2.013926711216599772e-17	-1.611129231757117608e-17
11.5	3	-4.796408767115510573e-17	4.467165099580008005e-17
11.5	4	2.259396859331448829e-17	-2.393953864092092735e-17
11.5	5	3.584886954757246241e-17	-4.244737218712298298e-17
11.5	6	-2.910087569410192757e-18	3.808640580568416682e-18
11.5	7	8.749744466022361412e-18	-1.244141298905661695e-17
11.5	8	2.370442878718236040e-17	-3.649970808765711671e-17
11.5	9	-1.152711256049638249e-17	1.906523137095647691e-17
11.5	10	-4.646399232161512387e-18	8.214434485170947344e-18
11.5	11	-1.944522949099430594e-18	3.672704349658631988e-18
11.5	12	6.999430289863222473e-18	-1.398318159446091981e-17
11.5	13	7.932119443912783187e-18	-1.666053885870941232e-17
11.5	14	1.901906603941926196e-18	-4.197097534972779532e-18
11.5	15	2.588942968394864794e-18	-6.030650071087439686e-18
11.5	16	-1.464175858667097477e-18	3.547432945933411200e-18
11.5	17	1.870553150004508177e-18	-4.743591526624625859e-18
11.5	18	3.066246034176236020e-18	-8.120941277234864955e-18
11.5	19	2.101290218794202836e-18	-5.810467035936415193e-18
11.5	20	1.195692884169223363e-18	-3.447537967678574406e-18
11.5	21	9.125985913287466083e-19	-2.758999142945283240e-18
11.5	22	-6.584986333180580134e-19	2.092740495396047435e-18
11.5	23	1.039914922491538285e-18	-3.278813542436313438e-18
11.5	24	1.435523976615624799e-18	-4.784389747136512467e-18
11.5	25	2.679502701857568835e-19	-8.890010614156637017e-19
11.5	26	4.826681592317609805e-19	-1.648647648483015855e-18
11.5	27	1.756972980095025955e-19	-6.609498304025957465e-19
11.5	28	3.517750991004597229e-20	-6.829124455437110634e-20
11.5	29	3.095392570235893985e-20	-1.547241381848499813e-19
11.5	30	-1.076252966797443687e-19	4.445398838716976895e-19
