3.231268107146413029e-05
3.231421121255496936e-05
3.231094244819101517e-05
3.230867543535418204e-05
3.230794085040688841e-05
3.230525064377333123e-05
3.230387357702503424e-05
3.230413705795607030e-05
3.229891185737172990e-05
3.230532048467641158e-05
3.230397930522790607e-05
3.230175406168930499e-05
3.230280048754025020e-05
3.230543638765421931e-05
3.230957831185772377e-05
3.231640664432452992e-05
3.231240503548694627e-05
3.231093801014444592e-05
3.230867373455285771e-05
3.230918254572990721e-05
3.230543409497532129e-05
3.230713285663819442e-05
3.230400301275011176e-05
3.230163649832414096e-05
3.230192403429397422e-05
3.229902894351212111e-05
3.229754866659249836e-05
3.229781394916517466e-05
3.229234920787013520e-05
3.229886064901469679e-05
3.229758941396910837e-05
3.229553560611509144e-05
3.229661706150386012e-05
3.229921953341345826e-05
3.230311863732983091e-05
3.231022514846342486e-05
3.230605155576753412e-05
3.230444359642954861e-05
3.230231640168705338e-05
3.230282499871577626e-05
3.229918295021458568e-05
3.230070982560874493e-05
3.229754442818695982e-05
3.229514260133194208e-05
3.229543091862437310e-05
3.229226164699903806e-05
3.229078222561278542e-05
3.229104775554831512e-05
3.228551348762522953e-05
3.229216494315831571e-05
3.229072024106428970e-05
3.228877148179962040e-05
3.228985458187897805e-05
3.229266325504562735e-05
3.229642269696198360e-05
3.230363247910837188e-05
3.229788302003231028e-05
3.229610379255133971e-05
3.229401138693298805e-05
3.229452060828160874e-05
3.229077418067647270e-05
3.229219646879877162e-05
3.228896165339702982e-05
3.228631689649092996e-05
3.228674229603743090e-05
3.228350451088786226e-05
3.228212648487089681e-05
3.228256396549499115e-05
3.227706380456210047e-05
3.228388700877404376e-05
3.228261717682880176e-05
3.228080787822336020e-05
3.228172001837809518e-05
3.228449513527046233e-05
3.228839268034386871e-05
3.229536122784317138e-05
3.228954215311202487e-05
3.228762593841654085e-05
3.228539471471662055e-05
3.228597306145512873e-05
3.228215727093289674e-05
3.228344147233344429e-05
3.228024179350037878e-05
3.227749272473092590e-05
3.227788523137865428e-05
3.227468245527853738e-05
3.227306395268220786e-05
3.227353425887841023e-05
3.226810321362973084e-05
3.227523559607771328e-05
3.227393060706918907e-05
3.227243110424936367e-05
3.227334242666234353e-05
3.227608274559655557e-05
3.227994626613301700e-05
3.228691621943207199e-05
3.228106513950120617e-05
3.227911470388336845e-05
3.227678258809082122e-05
3.227742930032079965e-05
3.227347545519831143e-05
3.227469284588472561e-05
3.227139063130864133e-05
3.226864074897546061e-05
3.226882637331876980e-05
3.226558847320478026e-05
3.226414073854445684e-05
3.226461111011829416e-05
3.225911279597220573e-05
3.226631409383901060e-05
3.226514491953212774e-05
3.226361077249146063e-05
3.226572464540457133e-05
3.226829563083851126e-05
3.227215875898277215e-05
3.227909199318341641e-05
3.227320678207690874e-05
3.227108566359906093e-05
3.226882342279728983e-05
3.226947074141624428e-05
3.226548250089758400e-05
3.226690751020159522e-05
3.226364006672399379e-05
3.226102749041957643e-05
3.226121311476252648e-05
3.225811280237874063e-05
3.225635755780517947e-05
3.225669005640319719e-05
3.225129432005165419e-05
3.225870373278013384e-05
3.225767199678282443e-05
3.225620442387702730e-05
3.225842223038518541e-05
3.226102806914701783e-05
3.226475285690839445e-05
3.227178932076773301e-05
3.226600568717383476e-05
3.226392301121932149e-05
3.226169624231921149e-05
3.226241196051225654e-05
3.225863178190541190e-05
3.226009093645321158e-05
3.225678863618680202e-05
3.225393518454476436e-05
3.225418966331683750e-05
3.225108918248517474e-05
3.224940238740325312e-05
3.224977049836464375e-05
3.224427322089569458e-05
3.225175045353763029e-05
3.225075134516990256e-05
3.224956012976956844e-05
3.225181098944971525e-05
3.225339404930137869e-05
3.225715179591756435e-05
3.226309163619361399e-05
3.225713461516162126e-05
3.225502031771451320e-05
3.225258604909002336e-05
3.225330195105812847e-05
3.224952229707069425e-05
3.225111992280014491e-05
3.224901766204990529e-05
3.224609588522725100e-05
3.224621114795669279e-05
3.224321524312465044e-05
3.224183961061875386e-05
3.224231301621317640e-05
3.223674612003548691e-05
3.224412146577660342e-05
3.224332916451448232e-05
3.224196490860998821e-05
3.224424982107466654e-05
3.224583298244753163e-05
3.224979542652689355e-05
3.225556531252574946e-05
3.224953776493985370e-05
3.224742342838327611e-05
3.224492089220754021e-05
3.224570591951044857e-05
3.224189336586985198e-05
3.224338828579258659e-05
3.224132188574484989e-05
3.223867352832831661e-05
3.223885820587322034e-05
3.223582677965395476e-05
3.223424422670831158e-05
3.223485568043040503e-05
3.222939186653978619e-05
3.223659457581471794e-05
3.223583686420584135e-05
3.223450699606277768e-05
3.223692829626007955e-05
3.223844380328491237e-05
3.224247588155049530e-05
3.224820939257041488e-05
3.224218102186203125e-05
3.224027297848231020e-05
3.223794180286464862e-05
3.223872683016780092e-05
3.223498052221659223e-05
3.223647485219365233e-05
3.223451191223995711e-05
3.223186231284712799e-05
3.223201161659524445e-05
3.222894464423043661e-05
3.222753321271580379e-05
3.222800667859898220e-05
3.222233439775978512e-05
3.222936554060456643e-05
3.222836538467214801e-05
3.222700125292215188e-05
3.222962963077554912e-05
3.223117982879542654e-05
3.223524616486260171e-05
3.224108055422913164e-05
3.223505253532879468e-05
3.223311037213268571e-05
3.223064176808690992e-05
3.223146113221938799e-05
3.222886732290090140e-05
3.223046523734145083e-05
3.222863887175025872e-05
3.222598950479517622e-05
3.222634463795809095e-05
3.222242798985446461e-05
3.222091260534481609e-05
3.222104156361922048e-05
3.221540322577956430e-05
3.222243445886924836e-05
3.222143553768177512e-05
3.222000286674194566e-05
3.222256439858646470e-05
3.222407880820600914e-05
3.222787018470443966e-05
3.223363760767431504e-05
3.222757497902462617e-05
3.222553018865723643e-05
3.222288889600230711e-05
3.222374268396461323e-05
3.222114811133460030e-05
3.222267677352904763e-05
3.222119330053341876e-05
3.221861247165966775e-05
3.221890136075468669e-05
3.221491553768612338e-05
3.221333049095565204e-05
3.221352901941120856e-05
3.220778831311179441e-05
3.221502686362541485e-05
3.221378597813846062e-05
3.221232012067462027e-05
3.221481682233642000e-05
3.221619269195180227e-05
3.221988120361850868e-05
3.222547708295830736e-05
3.221948250380973826e-05
3.221757300558324220e-05
3.221510166392593734e-05
3.221585223505868308e-05
3.221332599888969888e-05
3.221505800595078021e-05
3.221350502471359518e-05
3.221106277572595634e-05
3.221121641581373688e-05
3.220716143848031238e-05
3.220560975132236457e-05
3.220618941096516650e-05
3.220048397042770880e-05
3.220761943650486843e-05
3.220620608429770128e-05
3.220463805012286691e-05
3.220703239125350976e-05
3.220864813473421721e-05
3.221243918830847200e-05
3.221806885372708408e-05
3.221210775548684124e-05
3.221002358462732524e-05
3.220758748080625601e-05
3.220816783368734426e-05
3.220560943961126520e-05
3.220724072493223478e-05
3.220585939195897768e-05
3.220331322078549997e-05
3.220343303641560757e-05
3.219903521314950226e-05
3.219751787985049795e-05
3.219809937267711892e-05
3.219232634330001868e-05
3.219942781508098331e-05
3.219794548212051002e-05
3.219535554845040151e-05
3.219761302841456766e-05
3.219919542797776359e-05
3.220309073500217688e-05
3.220872068526243115e-05
3.220282848862296248e-05
3.220081253543738105e-05
3.219834433765509518e-05
3.219885624126580246e-05
3.219622777724283547e-05
3.219772261414184005e-05
3.219616874997958109e-05
3.219355555793166425e-05
3.219364103765552903e-05
3.218900250179955517e-05
3.218751929329846830e-05
3.218705107710064021e-05
3.218114323288086027e-05
3.218807237755598591e-05
3.218645254277595086e-05
3.218424005122895790e-05
3.218656526013635288e-05
3.218855764725618915e-05
3.219269281768509782e-05
3.219825405608784568e-05
3.219229373759295072e-05
3.219034725441569458e-05
3.218784554544249583e-05
3.218835696526515145e-05
3.218576436680599243e-05
3.218742977501667008e-05
3.218598031885492623e-05
3.218322967514522867e-05
3.218321113294969903e-05
3.217867630030110318e-05
3.217722553858235813e-05
3.217672494885945219e-05
3.217099134638611035e-05
3.217774773740796166e-05
3.217616236909275827e-05
3.217384594913414618e-05
3.217610180272403159e-05
3.217816287021159631e-05
3.218226470903122921e-05
3.218761846607353581e-05
3.218172852809974730e-05
3.217984975487854813e-05
3.217758792146747129e-05
3.217809934129001171e-05
3.217553934290983395e-05
3.217730788087186627e-05
3.217575423412889058e-05
3.217314325931342741e-05
3.217305482724419711e-05
3.216852095272925913e-05
3.216686577627782831e-05
3.216653971874334058e-05
3.216087503728075651e-05
3.216759687982246257e-05
3.216584210673014034e-05
3.216359344674278689e-05
3.216605596690751020e-05
3.216808213050992033e-05
3.217235477859079249e-05
3.217777803308597627e-05
3.217198810075369846e-05
3.217028191384654087e-05
3.216805461043812763e-05
3.216853183483516480e-05
3.216604079319172429e-05
3.216767372225142109e-05
3.216612045604404815e-05
3.216358091797565317e-05
3.216366448087568125e-05
3.215926694830998917e-05
3.215771537882915643e-05
3.215732142426906107e-05
3.215183007505616013e-05
3.215834573038391656e-05
3.215655822281685656e-05
3.215441150898930295e-05
3.215693969449666937e-05
3.215903401009424876e-05
3.216344603070466336e-05
3.216890492941906532e-05
3.216325387446918700e-05
3.216151258752257054e-05
3.215928528411415730e-05
3.215986493557603719e-05
3.215737513634812315e-05
3.215890574665166394e-05
3.215738633285906566e-05
3.215467195606380035e-05
3.215489345952463729e-05
3.215053030069107737e-05
3.214891016335420072e-05
3.214844559586146964e-05
3.214291999184157675e-05
3.214947004679137295e-05
3.214761395140172380e-05
3.214543393916090844e-05
3.214803207075372465e-05
3.215026327301640657e-05
3.215464193083942813e-05
3.216044455247883053e-05
3.215496875384217106e-05
3.215319241802843927e-05
3.215096583892007440e-05
3.215151161186680128e-05
3.214905500361443574e-05
3.215085956220183397e-05
3.214913298770237976e-05
3.214666156071238726e-05
3.214674379034464317e-05
3.214134629518431688e-05
3.213962134948360921e-05
3.213926154198526539e-05
3.213373819788600312e-05
3.213994505626930346e-05
3.213815881781798993e-05
3.213590767206683763e-05
3.213836726140463377e-05
3.214059749063257290e-05
3.214500927779330756e-05
3.214965802398365654e-05
3.214421449789419408e-05
3.214236903335987861e-05
3.214007345476472551e-05
3.214058507659751555e-05
3.213809449134404642e-05
3.213986541527246251e-05
3.213803412346389097e-05
3.213573361969139969e-05
3.213574762750800773e-05
3.213035136722369311e-05
3.212865941232981526e-05
3.212823453795265240e-05
3.212274486790315159e-05
3.212864282996461424e-05
3.212716426568306593e-05
3.212477488891875700e-05
3.212709846089995490e-05
3.212919202389619068e-05
3.213356946952926368e-05
3.213828697400796869e-05
3.213274051850551399e-05
3.213096429838965910e-05
3.212866862212055509e-05
3.212914526502644498e-05
3.212658783500669499e-05
3.212828889386946723e-05
3.212659864627982282e-05
3.212450441730580928e-05
3.212458464287695000e-05
3.211935921351239190e-05
3.211752952632164650e-05
3.211724256654712757e-05
3.211175169025643801e-05
3.211764733551738133e-05
3.211634126971951719e-05
3.211381405477407234e-05
3.211627514925775027e-05
3.211857464710171287e-05
3.212271322238255633e-05
3.212746503547152862e-05
3.212212714254715013e-05
3.212028387149993940e-05
3.211795537496356595e-05
3.211973429967390379e-05
3.211717554455133201e-05
3.211873948769686612e-05
3.211687672999037347e-05
3.211478330893076426e-05
3.211493183291966183e-05
3.210974082058007238e-05
3.210797974602163990e-05
3.210765558080862963e-05
3.210226720247227796e-05
3.210792139642279204e-05
3.210671641669184703e-05
3.210418983870739937e-05
3.210685567415855690e-05
3.210891403749130299e-05
3.211308968682373882e-05
3.211791082392743372e-05
3.211274265790142355e-05
3.211100197531206279e-05
3.210874046141813767e-05
3.211031401986474694e-05
3.210796210790621829e-05
3.210966343373459868e-05
3.210793747000221696e-05
3.210553656106182862e-05
3.210568580259587655e-05
3.210049477877680870e-05
3.209883738361289337e-05
3.209844471338745649e-05
3.209312362427735202e-05
3.209867234352079311e-05
3.209746807099614818e-05
3.209466599470022652e-05
3.209729681059591839e-05
3.209932028938458566e-05
3.210339492479679095e-05
3.210814652891599277e-05
3.210304745315726270e-05
3.210147721011949364e-05
3.209911405085174224e-05
3.210058476030923347e-05
3.209823152881831050e-05
3.209986235327888564e-05
3.209799946219635573e-05
3.209552813245107172e-05
3.209560851325060198e-05
3.209045217673581223e-05
3.208886024747153206e-05
3.208853758493711181e-05
3.208311328044166524e-05
3.208896995931244221e-05
3.208779985217072241e-05
3.208534305887540369e-05
3.208790680768528998e-05
3.208976068956559505e-05
3.209393829367117301e-05
3.209872240357975582e-05
3.209345091790609487e-05
3.209181196245887240e-05
3.208945124977728112e-05
3.209092195923477235e-05
3.208850029229608387e-05
3.209012940020897865e-05
3.208819789766831322e-05
3.208579440795757674e-05
3.208570186050233594e-05
3.208064839461719051e-05
3.207905759913297832e-05
3.207887101135544850e-05
3.207341386119841369e-05
3.207920251876097978e-05
3.207803246028345765e-05
3.207564443482861425e-05
3.207827821706011484e-05
3.208016497977019270e-05
3.208314193064286136e-05
3.208792519081254512e-05
3.208261935214901003e-05
3.208084274290689679e-05
3.207834435172507253e-05
3.207981506118268573e-05
3.207739392662560404e-05
3.207898841881694799e-05
3.207702191464915692e-05
3.207458475270212264e-05
3.207452526430153470e-05
3.206947250400777022e-05
3.206774434294141926e-05
3.206762440113777852e-05
3.206313275965014400e-05
3.206905792717092753e-05
3.206809283291398233e-05
3.206560191945720802e-05
3.206837453660282090e-05
3.207009085063533343e-05
3.207317251970392226e-05
3.207795507151187168e-05
3.207261655441870607e-05
3.207080646160016699e-05
3.206837619989619817e-05
3.206991607011008914e-05
3.206759799694043460e-05
3.206922711049797726e-05
3.206702056238578839e-05
3.206492684512613688e-05
3.206476330965978596e-05
3.205964227700691476e-05
3.205798479563519123e-05
3.205793063002202760e-05
3.205347375336214873e-05
3.205950212919392973e-05
3.205839991626106031e-05
3.205573655907102259e-05
3.205861096242314690e-05
3.206043116931779364e-05
3.206354877338957876e-05
3.206836537126826650e-05
3.206295971210499892e-05
3.206104577149542986e-05
3.205844379451683221e-05
3.205984710954319606e-05
3.205739121560746398e-05
3.205902054983239698e-05
3.205674425248522205e-05
3.205454743821999460e-05
3.205427835824908395e-05
3.204925845662250907e-05
3.204784172853936071e-05
3.204768304592883180e-05
3.204339972169480827e-05
3.204960028306182157e-05
3.204842827551894642e-05
3.204590282259527735e-05
3.204877563520738365e-05
3.205062959437951292e-05
3.205381679602538727e-05
3.205859913581886902e-05
3.205298526923483504e-05
3.205107127833582215e-05
3.204833163662803284e-05
3.204966636576021696e-05
3.204714097456666245e-05
3.204863229687538942e-05
3.204645914099932030e-05
3.204443597338740336e-05
3.204402766673796003e-05
3.203873253978168939e-05
3.203639242837502264e-05
3.203616928040934090e-05
3.203188587556800293e-05
3.203839506280558322e-05
3.203718705560011334e-05
3.203469694553040645e-05
3.203743423358590886e-05
3.204059209972571299e-05
3.204377839187081404e-05
3.204876570309678229e-05
3.204315107283521564e-05
3.204137647508510211e-05
3.203853319914840166e-05
3.203986624828491142e-05
3.203720256328468666e-05
3.203876201468472390e-05
3.203662276995736485e-05
3.203449701753165565e-05
3.203401886590462566e-05
3.202879418748486544e-05
3.202738676028140427e-05
3.202716393645354740e-05
3.202263859387677943e-05
3.202925007623378350e-05
3.202821431435192893e-05
3.202569063391667268e-05
3.202856539069353817e-05
3.203281352746180046e-05
3.203586276049030904e-05
3.204085019824559139e-05
3.203523766727651208e-05
3.203353088772568355e-05
3.203068761178873237e-05
3.203208922008336898e-05
3.202942531930723363e-05
3.203108765366604216e-05
3.202898347054100657e-05
3.202668500617327283e-05
3.202620870828585067e-05
3.202098445930801356e-05
3.201858720454326757e-05
3.201805595774446437e-05
3.201346042087822852e-05
3.202020872049389977e-05
3.202016142354906962e-05
3.201729124648132718e-05
3.201999572831391530e-05
3.202437967658259004e-05
3.202753190238782026e-05
3.203258800721168196e-05
3.202711723006265628e-05
3.202534275771104754e-05
3.202256832581603410e-05
3.202390163117451485e-05
3.202116967971739705e-05
3.202269570917021089e-05
3.202055832644204057e-05
3.201795107251759757e-05
3.201757656805929612e-05
3.201238536128480473e-05
3.200988530132985567e-05
3.200918294820371700e-05
3.200604898210154218e-05
3.201259107626948369e-05
3.201257941921371733e-05
3.200970925239149568e-05
3.201261871570874396e-05
3.201710669354880035e-05
3.202005055146786642e-05
3.202507245911626835e-05
3.201987478315649564e-05
3.201803203116887269e-05
3.201522346060263312e-05
3.201648849789997430e-05
3.201371913842400815e-05
3.201521158682574871e-05
3.201303920951908825e-05
3.201053481542208515e-05
3.201022800849479569e-05
3.200517393664920512e-05
3.200253548933371160e-05
3.200166079780700359e-05
3.199835406776450192e-05
3.200496442286664101e-05
3.200495233155016078e-05
3.200198254466359162e-05
3.200458151407887468e-05
3.200893156795373381e-05
3.201214966418704716e-05
3.201713786600622440e-05
3.201187176520401301e-05
3.200989168950649157e-05
3.200708184422136902e-05
3.200834688151907612e-05
3.200550746535678711e-05
3.200693193600199300e-05
3.200482714081803092e-05
3.200256427182266350e-05
3.200201724251328084e-05
3.199679244736381529e-05
3.199401473067069559e-05
3.199296816949917619e-05
3.198972955547556946e-05
3.199651174555151662e-05
3.199642974376993090e-05
3.199366675947540762e-05
3.199623078828740320e-05
3.200071689261561588e-05
3.200417460613725463e-05
3.200916497320965164e-05
3.200386342851078227e-05
3.200209051188504500e-05
3.199921252878886200e-05
3.200054618707675940e-05
3.199753317707739109e-05
3.199909384586981938e-05
3.199698905068585730e-05
3.199438403072544531e-05
3.199383599811428478e-05
3.198871369363348794e-05
3.198617747008959688e-05
3.198506350165740284e-05
3.198203145418064981e-05
3.198891682151279160e-05
3.198869413083822266e-05
3.198586128672841974e-05
3.198842643456946552e-05
3.199308267079890069e-05
3.199643724345471659e-05
3.200149825063038431e-05
3.199619578790124182e-05
3.199445697561383581e-05
3.199157944642853495e-05
3.199298114428560292e-05
3.198990062676891074e-05
3.199135763666313540e-05
3.198914948033226136e-05
3.198647274188206664e-05
3.198585576043798916e-05
3.198073240724330152e-05
3.197809029815152894e-05
3.197697241128137988e-05
3.197421697766478753e-05
3.198113595063326265e-05
3.198196125777689959e-05
3.197899044462404602e-05
3.198162294778101694e-05
3.198648289741036753e-05
3.198963342520038842e-05
3.199490171124558707e-05
3.198949728018306369e-05
3.198775813317897407e-05
3.198484817085183476e-05
3.198611237852001137e-05
3.198296242770660124e-05
3.198445413758482130e-05
3.198228067997753053e-05
3.197929654807739460e-05
3.197854381675032997e-05
3.197349330907423389e-05
3.197088653329990316e-05
3.196976873179701423e-05
3.196677330711980108e-05
3.197365733653075465e-05
3.197448137625691909e-05
3.197161315063325567e-05
3.197407520518619049e-05
3.197889967463052118e-05
3.198205110976504054e-05
3.198728513054780457e-05
3.198188140086640694e-05
3.198021211713225132e-05
3.197740481247937736e-05
3.197870339394229879e-05
3.197589564122395095e-05
3.197762660262401085e-05
3.197514085725213645e-05
3.197198512997396380e-05
3.197147484753595537e-05
3.196652949180060961e-05
3.196392376217427648e-05
3.196301144222590899e-05
3.195991272062888381e-05
3.196676155620379207e-05
3.196772342492724950e-05
3.196478656309224760e-05
3.196714206529176189e-05
3.197193154025679339e-05
3.197501293278906070e-05
3.198031470392423143e-05
3.197477315925522859e-05
3.197313752544075633e-05
3.197039785610989446e-05
3.197173108937646595e-05
3.196888891159604685e-05
3.197065440949205717e-05
3.196810066039671469e-05
3.196511771572586907e-05
3.196367402593928200e-05
3.195872655571278435e-05
3.195605190910076691e-05
3.195482690658443771e-05
3.195179596678316623e-05
3.195868116775338867e-05
3.196047231164434989e-05
3.195750194748108992e-05
3.195985911758976894e-05
3.196482125283783729e-05
3.196814235342547775e-05
3.197354772997234679e-05
3.196776732506720857e-05
3.196609848854643202e-05
3.196342694690793436e-05
3.196493156327060223e-05
3.196191758126583945e-05
3.196375624353316007e-05
3.196130532371912168e-05
3.195821833172622124e-05
3.195656671154888752e-05
3.195158406255543338e-05
3.194894731971959623e-05
3.194895724311473000e-05
3.194619936464948606e-05
3.195305181616490167e-05
3.195460124264213892e-05
3.195173418259210813e-05
3.195422792555274591e-05
3.195859900084482375e-05
3.196174791635077400e-05
3.196698222833735311e-05
3.196130527613298011e-05
3.195963643961245428e-05
3.195693012841290632e-05
3.195836602357984802e-05
3.195548889899977018e-05
3.195746495663430968e-05
3.195497968301720486e-05
3.195168420684827543e-05
3.195003035783612209e-05
3.194497805253455522e-05
3.194199615211569510e-05
3.194190267309560436e-05
3.193893819645806119e-05
3.194575657215491428e-05
3.194737434234519853e-05
3.194422945505332378e-05
3.194665492517892398e-05
3.195085307413274105e-05
3.195403701380616327e-05
3.195845545628468108e-05
3.195257177093705598e-05
3.195093740020101138e-05
3.194902603599705679e-05
3.195042780149114217e-05
3.194761971815083737e-05
3.194959575251065975e-05
3.194711047889354138e-05
3.194408755401955378e-05
3.194247090714333743e-05
3.193731966801846507e-05
3.193416458205181345e-05
3.193407276930006265e-05
3.193117608786063833e-05
3.193796041711672169e-05
3.193971624963705446e-05
3.193660789580835793e-05
3.193896353745008840e-05
3.194306052112471484e-05
3.194638379323112522e-05
3.195094074189579116e-05
3.194484906274694733e-05
3.194321442686104184e-05
3.194119840522508810e-05
3.194263438085215702e-05
3.194006816936699082e-05
3.194218307800478950e-05
3.193976766761201443e-05
3.193695120694007146e-05
3.193540464500627552e-05
3.193046268058771174e-05
3.192727243984009125e-05
3.192589139587256484e-05
3.192289289155240641e-05
3.192960908089369763e-05
3.193153462375537116e-05
3.192849620677330568e-05
3.193088843734446608e-05
3.193491737308534284e-05
3.193827013052534118e-05
3.194262106858597775e-05
3.193639038840291323e-05
3.193468556076350229e-05
3.193253296460694842e-05
3.193396894023451201e-05
3.193136867029890250e-05
3.193348412935941179e-05
3.193113786204774244e-05
3.192790576147282454e-05
3.192642813492451825e-05
3.192186351354496510e-05
3.191847002143262445e-05
3.191708781243800496e-05
3.191415761522982739e-05
3.192090904675909103e-05
3.192297164258157559e-05
3.191986605716707974e-05
3.192218989583536104e-05
3.192635466754296654e-05
3.193015202303906919e-05
3.193463950207763176e-05
3.192837457100967664e-05
3.192666974337099754e-05
3.192444842741064335e-05
3.192598659777875125e-05
3.192352302813176984e-05
3.192571026952896598e-05
3.192333039926782635e-05
3.192009539156406579e-05
3.191739486235104748e-05
3.191262437663624493e-05
3.190916456149584109e-05
3.190795245226688822e-05
3.190498630724117980e-05
3.191163721015907495e-05
3.191369707067605392e-05
3.191045498616657206e-05
3.191291807856372879e-05
3.191698032885767353e-05
3.192094904689896947e-05
3.192547025251041065e-05
3.191920344351357216e-05
3.191759970384666731e-05
3.191534325186667681e-05
3.191674529348877994e-05
3.191424594770550651e-05
3.191629374137148128e-05
3.191401710090008211e-05
3.191081510427872133e-05
3.190804460856638651e-05
3.190323834664742089e-05
3.190012329034804005e-05
3.189894499713435565e-05
3.189587596224675392e-05
3.190259644738787888e-05
3.190448280162644167e-05
3.190137799530674530e-05
3.190404823000113382e-05
3.190776740184025955e-05
3.191166732115565682e-05
3.191611887538153418e-05
3.191002344955810925e-05
3.190831644033778006e-05
3.190613067407551242e-05
3.190760049749395201e-05
3.190520405346964429e-05
3.190725252606867087e-05
3.190500901676187901e-05
3.190197618201723784e-05
3.189937934663490893e-05
3.189446874969723028e-05
3.189135332739579385e-05
3.189017492358122959e-05
3.188707190591097553e-05
3.189362068712527369e-05
3.189571328688018873e-05
3.189260679055868226e-05
3.189431108379419864e-05
3.189806533679292707e-05
3.190196525610795842e-05
3.190638146436834211e-05
3.190038985017169251e-05
3.189871739510093725e-05
3.189649730076700722e-05
3.189895541495399130e-05
3.189655945513101279e-05
3.189847115548447839e-05
3.189629526633721933e-05
3.189309296345242109e-05
3.189036027835551727e-05
3.188551772774821590e-05
3.188240399384678929e-05
3.188163903207659884e-05
3.187853527641215212e-05
3.188508299932172739e-05
3.188748380498387637e-05
3.188427411889314727e-05
3.188604702875427613e-05
3.188990505876194314e-05
3.189377180139952510e-05
3.189801516584456475e-05
3.189290837866162309e-05
3.189099251430318089e-05
3.188870300309067416e-05
3.189116111727778699e-05
3.188893901416898986e-05
3.189078241109211348e-05
3.188846934412324868e-05
3.188536771730193781e-05
3.188253232250158012e-05
3.187755165674939495e-05
3.187450594409552487e-05
3.187370769710153441e-05
3.187074033141699806e-05
3.187746246996860447e-05
3.187989905241021452e-05
3.187675874654925719e-05
3.187811821561497926e-05
3.188173630448947452e-05
3.188573874724864692e-05
3.189001685250188498e-05
3.188514950302885712e-05
3.188330189094191168e-05
3.188091015529309846e-05
3.188336786139251057e-05
3.187988807094399666e-05
3.188166270730482637e-05
3.187931303952625081e-05
3.187610762824998544e-05
3.187344457360087867e-05
3.186839429215935457e-05
3.186545227833080193e-05
3.186458526756306330e-05
3.186148033446844038e-05
3.186820102570244600e-05
3.187049964086370130e-05
3.186735921924144124e-05
3.186906161912538644e-05
3.187271352415165800e-05
3.187678461639667949e-05
3.188102885228892065e-05
3.187598805940153112e-05
3.187403569808616336e-05
3.187160907024222601e-05
3.187409996400908250e-05
3.187037973735682567e-05
3.187225753821393563e-05
3.186976988739925737e-05
3.186680710604173895e-05
3.186424910865488569e-05
3.185895656175535487e-05
3.185584251581308912e-05
3.185500922160561525e-05
3.185221307020447791e-05
3.185879951089170794e-05
3.186103236958382547e-05
3.185785754527765740e-05
3.185976784094120067e-05
3.186342099208623352e-05
3.186763073005284037e-05
3.187167072708622408e-05
3.186785427180777815e-05
3.186597072881700482e-05
3.186381866737876415e-05
3.186620655537485114e-05
3.186221359581786614e-05
3.186402329410056080e-05
3.186167415908093504e-05
3.185775251772044277e-05
3.185526237869811298e-05
3.184986745703557092e-05
3.184664954629432796e-05
3.184567783553256693e-05
3.184291448027765369e-05
3.184946493369485534e-05
3.185145819432024417e-05
3.184824846542675151e-05
3.185005586941285752e-05
3.185471039922322225e-05
3.185892015196049805e-05
3.186285608201785719e-05
3.185910910586610721e-05
3.185705527373758290e-05
3.185490160017394459e-05
3.185722104184014920e-05
3.185343274359530631e-05
3.185541381210446171e-05
3.185292720276960629e-05
3.184924545006627043e-05
3.184668165139984189e-05
3.184152831305663483e-05
3.183834287993399524e-05
3.183737148952312386e-05
3.183433114969888995e-05
3.184074500131989894e-05
3.184291135251026046e-05
3.183969971848149111e-05
3.184035201604425717e-05
3.184514308980871674e-05
3.184942125018254931e-05
3.185311671850126635e-05
3.184950648657293031e-05
3.184752193784035480e-05
3.184519677368459034e-05
3.184751764704296212e-05
3.184359243199140347e-05
3.184564206899774574e-05
3.184349912837339789e-05
3.184002490958806418e-05
3.183759955183769491e-05
3.183234291535727263e-05
3.182943198396495963e-05
3.182849355181234215e-05
3.182545332474926770e-05
3.183200501899638402e-05
3.183413724495095951e-05
3.183085680663005852e-05
3.183154314412057502e-05
3.183623304280525941e-05
3.184044362821273103e-05
3.184308226176539255e-05
3.183961042796114001e-05
3.183790018098392612e-05
3.183574882596757204e-05
3.183810457024779483e-05
3.183417935537731828e-05
3.183609334935201622e-05
3.183401921443059776e-05
3.183057905087538297e-05
3.182808390913512738e-05
3.182299920956631274e-05
3.182026303628338444e-05
3.181925723187715088e-05
3.181628659254080455e-05
3.182263287971804803e-05
3.182455997352399041e-05
3.182127979966316056e-05
3.182213580721280748e-05
3.182668955909067113e-05
3.183096797246640780e-05
3.183370975338571418e-05
3.183030646147738229e-05
3.182856159149426975e-05
3.182637592977913748e-05
3.182852585222129883e-05
3.182446228341171101e-05
3.182644426872173558e-05
3.182423145737875442e-05
3.182120459340725808e-05
3.181881197910989799e-05
3.181389992022492298e-05
3.181140417797890439e-05
3.180914129229909533e-05
3.180627449345436075e-05
3.181244896253989464e-05
3.181448059110330125e-05
3.181116569628438169e-05
3.181185164046052948e-05
3.181633501892945642e-05
3.182040466572640759e-05
3.182314761602527569e-05
3.181970891040309871e-05
3.181772385795193537e-05
3.181546928355980598e-05
3.181755197297481119e-05
3.181348739019345279e-05
3.181539990379800298e-05
3.181321979904716969e-05
3.180998621252846461e-05
3.180759151025759976e-05
3.180278233048051322e-05
3.180032047020085289e-05
3.179791900042890486e-05
3.179494926375714577e-05
3.180101971683005932e-05
3.180305046997148439e-05
3.179994308162305386e-05
3.180055826985918132e-05
3.180487000909234537e-05
3.180907770807781958e-05
3.181195765977625183e-05
3.180831311158799910e-05
3.180625879900827216e-05
3.180393513110793844e-05
3.180605196916885011e-05
3.180205591398376148e-05
3.180413907111686862e-05
3.180199523452714424e-05
3.179876045824335583e-05
3.179639992091805572e-05
3.179162316315375014e-05
3.178923123188038738e-05
3.178676135940481273e-05
3.178396408682673937e-05
3.179017336083205664e-05
3.179234116018504611e-05
3.178919844396972910e-05
3.178981435343965244e-05
3.179278842580058142e-05
3.179696205274972561e-05
3.179977395692977282e-05
3.179606187992527493e-05
3.179400904836675236e-05
3.179178945673654272e-05
3.179394146209229150e-05
3.179011699081129064e-05
