1.229398134483686986e-05
1.229383430169734926e-05
1.229372307466217836e-05
1.229414470362436049e-05
1.229526590654751663e-05
1.229527357169105246e-05
1.229510658541048899e-05
1.229683521471494556e-05
1.229770401491267923e-05
1.229811318690364970e-05
1.229897963175578274e-05
1.229834594733039661e-05
1.229892842591326858e-05
1.230071401022703069e-05
1.229900704606453782e-05
1.229995138675128648e-05
1.229824239451431300e-05
1.229719542502444071e-05
1.229685128425409956e-05
1.229751561591634819e-05
1.229745328518431971e-05
1.229730624204492956e-05
1.229719574891226550e-05
1.229758167097594332e-05
1.229855553372281538e-05
1.229849074454839322e-05
1.229843314192784889e-05
1.230016128857000802e-05
1.230117618103570239e-05
1.230162248331505943e-05
1.230245254901193478e-05
1.230181872486294473e-05
1.230236608095936300e-05
1.230415243302766791e-05
1.230252127798759081e-05
1.230350628901729924e-05
1.230179827097573407e-05
1.230075071093439779e-05
1.230044343159126680e-05
1.230103480062595277e-05
1.230111841084674869e-05
1.230104490807603847e-05
1.230104627434498168e-05
1.230139540559149140e-05
1.230247951132578947e-05
1.230198019958661773e-05
1.230184911313777781e-05
1.230343023499033483e-05
1.230448221423308203e-05
1.230481857273602710e-05
1.230564863843263987e-05
1.230476014525174589e-05
1.230541525662479292e-05
1.230698148178482444e-05
1.230568321751121337e-05
1.230684828987222519e-05
1.230517850400332153e-05
1.230402100922220865e-05
1.230345577113065885e-05
1.230404578812320934e-05
1.230423795734669420e-05
1.230412768909324269e-05
1.230416590719864020e-05
1.230444185904294859e-05
1.230563553319393032e-05
1.230509874406729490e-05
1.230496836686908434e-05
1.230654975234087305e-05
1.230793337230253377e-05
1.230812255858993964e-05
1.230906113508918555e-05
1.230817354668408977e-05
1.230883016829724414e-05
1.231028624202737734e-05
1.230902642622717524e-05
1.231019182113953277e-05
1.230863073793383285e-05
1.230747378559861808e-05
1.230698264149880341e-05
1.230782839209179106e-05
1.230802023751706044e-05
1.230798349082885538e-05
1.230805860252056476e-05
1.230851678912798901e-05
1.230945307021847337e-05
1.230877149413558958e-05
1.230845758992908267e-05
1.230996545999631408e-05
1.231120050589697697e-05
1.231146259142160570e-05
1.231250972281531217e-05
1.231162251846768558e-05
1.231220730963196343e-05
1.231359132573823825e-05
1.231236719393818042e-05
1.231342448783548886e-05
1.231190202315103026e-05
1.231074569064392299e-05
1.231029058330895182e-05
1.231124483958028077e-05
1.231147339458009860e-05
1.231147339457970896e-05
1.231147526488210418e-05
1.231211578858419050e-05
1.231301429399547183e-05
1.231229531626661569e-05
1.231194552078478849e-05
1.231345460024234670e-05
1.231483664227478168e-05
1.231491446676020211e-05
1.231614218283951768e-05
1.231518294040639604e-05
1.231573093916950674e-05
1.231707712622673846e-05
1.231577837664864111e-05
1.231679712388075779e-05
1.231542067230334398e-05
1.231433868012529026e-05
1.231380947795512549e-05
1.231461877061176607e-05
1.231488393025899935e-05
1.231484718357092475e-05
1.231484968487795266e-05
1.231541774936603743e-05
1.231635372881693046e-05
1.231574420613171038e-05
1.231528627384966397e-05
1.231679356723285489e-05
1.231824778771509982e-05
1.231832561220065069e-05
1.231933602294306569e-05
1.231819447537685728e-05
1.231874247413996798e-05
1.232012360986077138e-05
1.231886384220538837e-05
1.232017384392011187e-05
1.231886879162028465e-05
1.231771365195701541e-05
1.231718455006351695e-05
1.231799018891871061e-05
1.231832906101900799e-05
1.231829231433093169e-05
1.231836650531419377e-05
1.231896985623376674e-05
1.231998102415536742e-05
1.231940883343312470e-05
1.231902339595056195e-05
1.232038687278752088e-05
1.232169215191948658e-05
1.232173311259308565e-05
1.232267151089472765e-05
1.232149334988924739e-05
1.232204204500957728e-05
1.232327620279385717e-05
1.232201719360131286e-05
1.232339959450451955e-05
1.232198536937729781e-05
1.232090366595330097e-05
1.232037372538235078e-05
1.232117889852984810e-05
1.232162818360391095e-05
1.232159143691583295e-05
1.232170033700305521e-05
1.232241396381794489e-05
1.232375287397573124e-05
1.232314544453441925e-05
1.232283372908327758e-05
1.232437853503058876e-05
1.232564739312051295e-05
1.232565220502069614e-05
1.232659060332220939e-05
1.232537313858731607e-05
1.232584986204211917e-05
1.232715788278488339e-05
1.232589874916675159e-05
1.232735420552956555e-05
1.232594004711580562e-05
1.232485835990984359e-05
1.232432876708281500e-05
1.232535079397240345e-05
1.232579895910314568e-05
1.232576222180758395e-05
1.232587112189454702e-05
1.232658458947092212e-05
1.232777874544910304e-05
1.232702408928009974e-05
1.232660236884536935e-05
1.232832963984131360e-05
1.232959653424220314e-05
1.232978329153329421e-05
1.233072168983428739e-05
1.232925287756261443e-05
1.232962036363402188e-05
1.233092881045207172e-05
1.232956024498789354e-05
1.233105101284825706e-05
1.232959971652299700e-05
1.232851961071737632e-05
1.232806189318799082e-05
1.232912041963655955e-05
1.232938368692719061e-05
1.232941914652830361e-05
1.232952646593116284e-05
1.233031341678982084e-05
1.233132630414931551e-05
1.233046001142199587e-05
1.233003879114947368e-05
1.233180086416414396e-05
1.233299496417991685e-05
1.233307164137589169e-05
1.233400963947207424e-05
1.233254251270599448e-05
1.233247588366421608e-05
1.233389299885392016e-05
1.233259685604860859e-05
1.233398020113936366e-05
1.233271155542508198e-05
1.233155796350220996e-05
1.233102650757357925e-05
1.233186655951581592e-05
1.233202121794136281e-05
1.233212949942164667e-05
1.233209245077678722e-05
1.233295338494729434e-05
1.233389099503648280e-05
1.233324143626317048e-05
1.233285796674548672e-05
1.233462020220738315e-05
1.233562798374493887e-05
1.233574185998065390e-05
1.233646279296350261e-05
1.233495931805735904e-05
1.233474787854184874e-05
1.233598361407365564e-05
1.233472626262939589e-05
1.233625708107117491e-05
1.233509630145700042e-05
1.233397970114166789e-05
1.233344976850108400e-05
1.233425469770063272e-05
1.233437356466601125e-05
1.233444574307857547e-05
1.233459062964901043e-05
1.233537898129508804e-05
1.233635518010771019e-05
1.233574260958696523e-05
1.233539579611941479e-05
1.233715715498926716e-05
1.233801898778783786e-05
1.233817003686295296e-05
1.233896319221970620e-05
1.233731539793572860e-05
1.233699525868601045e-05
1.233819486636069765e-05
1.233675425487184557e-05
1.233828269700061782e-05
1.233701328863059287e-05
1.233586261726411604e-05
1.233544175778269428e-05
1.233635472204342911e-05
1.233669379213185371e-05
1.233676597054428918e-05
1.233701943898072629e-05
1.233799173351992221e-05
1.233911682037962807e-05
1.233854252434383714e-05
1.233830514923132050e-05
1.233973622374064772e-05
1.234052553943789088e-05
1.234045840711856455e-05
1.234125156247518903e-05
1.233967780332372481e-05
1.233939418935618155e-05
1.234044695426557057e-05
1.233900685517444975e-05
1.234053638749549121e-05
1.233904946743584411e-05
1.233782806665077521e-05
1.233729503294122576e-05
1.233824497850583048e-05
1.233869607979261615e-05
1.233887698872670651e-05
1.233913045716340451e-05
1.234021271475305230e-05
1.234144499053868421e-05
1.234079700462767874e-05
1.234041182057886966e-05
1.234191531373561541e-05
1.234252148472314548e-05
1.234241805768826461e-05
1.234321130568069312e-05
1.234185457765629068e-05
1.234175132667896973e-05
1.234254831286048628e-05
1.234118022748650698e-05
1.234285581004189893e-05
1.234126067405598906e-05
1.234018435108003584e-05
1.233961504824338215e-05
1.234045469003814402e-05
1.234083385146204096e-05
1.234101476039613301e-05
1.234123136757780571e-05
1.234245913115557462e-05
1.234387271757273712e-05
1.234307918669340841e-05
1.234283843698736417e-05
1.234419356224957450e-05
1.234487300734600722e-05
1.234480573788353743e-05
1.234563523348648514e-05
1.234427783664619909e-05
1.234421059949902387e-05
1.234504386621115097e-05
1.234371022002047309e-05
1.234524064535723438e-05
1.234368134644476426e-05
1.234271365222478685e-05
1.234184874515668187e-05
1.234261446355622181e-05
1.234284826611970796e-05
1.234302917505379832e-05
1.234317336115748976e-05
1.234451099208260540e-05
1.234585273260745125e-05
1.234509503280623937e-05
1.234481706435520413e-05
1.234617320812912410e-05
1.234703735732330188e-05
1.234719092984197504e-05
1.234802042544518194e-05
1.234680949083284642e-05
1.234685154723002789e-05
1.234739188583726309e-05
1.234616592655926103e-05
1.234765778242129716e-05
1.234598917660106872e-05
1.234494901277220148e-05
1.234404758897308176e-05
1.234495912580250297e-05
1.234515620159838454e-05
1.234530070811912228e-05
1.234540866718760572e-05
1.234670983134829875e-05
1.234816263311182452e-05
1.234736867324720308e-05
1.234719886642181483e-05
1.234855495849043304e-05
1.234960102222857438e-05
1.234986301557538811e-05
1.235069251117885420e-05
1.234937252620209058e-05
1.234941387898083750e-05
1.235006392864542655e-05
1.234879953642745120e-05
1.235043558364738173e-05
1.234862225418519472e-05
1.234761828535806062e-05
1.234656876495396775e-05
1.234740670530821730e-05
1.234756920073924316e-05
1.234771370726023840e-05
1.234789480407643982e-05
1.234912366663721965e-05
1.235039234760657621e-05
1.234959725347816490e-05
1.234924259445602348e-05
1.235037920362028011e-05
1.235138897478958383e-05
1.235168714606844493e-05
1.235244488121417160e-05
1.235105236965243529e-05
1.235112991645070781e-05
1.235177988755585906e-05
1.235033308115153100e-05
1.235222619609164709e-05
1.235026503430788732e-05
1.234918739634585020e-05
1.234817554338836937e-05
1.234908800138285979e-05
1.234921268687382114e-05
1.234939392130292540e-05
1.234950109354108775e-05
1.235058193577884190e-05
1.235170208135391924e-05
1.235094311399990947e-05
1.235069886389946003e-05
1.235186809748734301e-05
1.235291415943085531e-05
1.235335797428259007e-05
1.235404311990226716e-05
1.235261470164385089e-05
1.235280048349637049e-05
1.235315655567203150e-05
1.235167317578359403e-05
1.235338446519077473e-05
1.235124138742663430e-05
1.235030843220334829e-05
1.234922168936621689e-05
1.235009663772741930e-05
1.235043826736534517e-05
1.235061950179418855e-05
1.235069029927056841e-05
1.235169893219982670e-05
1.235231242763617401e-05
1.235162742437023301e-05
1.235149454030121288e-05
1.235266380195871910e-05
1.235374762514455237e-05
1.235448693926407797e-05
1.235517225376596843e-05
1.235378021035901850e-05
1.235396642990595075e-05
1.235413934667821612e-05
1.235261969992864171e-05
1.235422221217553564e-05
1.235226227008056979e-05
1.235136455671348866e-05
1.235042612316031067e-05
1.235112018239458008e-05
1.235146105162039201e-05
1.235164228604936583e-05
1.235156642591383347e-05
1.235250144899828938e-05
1.235311537328004700e-05
1.235250282547718139e-05
1.235225961649670978e-05
1.235335570679443327e-05
1.235436546598665724e-05
1.235488366679994459e-05
1.235567733992931054e-05
1.235421368136813936e-05
1.235443568692964311e-05
1.235442533225352863e-05
1.235294368742748027e-05
1.235469140761425423e-05
1.235276789384941483e-05
1.235197975582213611e-05
1.235100446810023756e-05
1.235162471597409002e-05
1.235192843231290675e-05
1.235207341398431145e-05
1.235206998954407060e-05
1.235319005313018385e-05
1.235395051022425203e-05
1.235326779084541025e-05
1.235309795895883446e-05
1.235419569918876805e-05
1.235502107291720589e-05
1.235557490990390979e-05
1.235644110608383065e-05
1.235523088436963131e-05
1.235548894481016778e-05
1.235547718897093900e-05
1.235403155488766397e-05
1.235581377619375067e-05
1.235389048992686508e-05
1.235310251117924980e-05
1.235220095922626607e-05
1.235307833571528821e-05
1.235313002956375117e-05
1.235320285129818441e-05
1.235334351315124338e-05
1.235446338870686065e-05
1.235536794474233468e-05
1.235472251768768477e-05
1.235458984714390197e-05
1.235576057859721527e-05
1.235651270620622236e-05
1.235692063634242081e-05
1.235778683252234167e-05
1.235665048057943463e-05
1.235676218778903677e-05
1.235693418444700272e-05
1.235519422852711423e-05
1.235690436333550219e-05
1.235476100154374534e-05
1.235408269879107344e-05
1.235325504673074098e-05
1.235424222968579006e-05
1.235432972935065235e-05
1.235469146813921540e-05
1.235453934192880162e-05
1.235551131926296793e-05
1.235649016660498597e-05
1.235591595447629912e-05
1.235549005547592297e-05
1.235633100500615485e-05
1.235682535576707534e-05
1.235723288068392477e-05
1.235817135469415765e-05
1.235681722060360690e-05
1.235692829722309224e-05
1.235721009248153718e-05
1.235554272782616904e-05
1.235728946684930633e-05
1.235525606248648931e-05
1.235457722900370633e-05
1.235341964338609409e-05
1.235440655861472665e-05
1.235456394597725518e-05
1.235496128328805783e-05
1.235480915707725442e-05
1.235578080512146883e-05
1.235661816125919178e-05
1.235593551360034065e-05
1.235543607195637261e-05
1.235631241342544495e-05
1.235676951507548383e-05
1.235728881724157192e-05
1.235833562960345452e-05
1.235690828164220437e-05
1.235694731589745514e-05
1.235711912068772525e-05
1.235545226159022278e-05
1.235719862339019315e-05
1.235512893496251045e-05
1.235444839847938025e-05
1.235366073644397387e-05
1.235468378195788498e-05
1.235465702691094606e-05
1.235505436422174701e-05
1.235493920321840584e-05
1.235587373430530916e-05
1.235667324204107339e-05
1.235591805905410604e-05
1.235541951825627593e-05
1.235633178047342731e-05
1.235671585119348922e-05
1.235712459955927278e-05
1.235813517355817767e-05
1.235667159504771864e-05
1.235644966850861718e-05
1.235655134788009455e-05
1.235462779130775159e-05
1.235648258175310081e-05
1.235466720764341873e-05
1.235395043822825569e-05
1.235359950471397898e-05
1.235473098620317866e-05
1.235459519663994206e-05
1.235488347022509862e-05
1.235469501018945243e-05
1.235574011287817237e-05
1.235643187916617950e-05
1.235571169229820619e-05
1.235521316275835366e-05
1.235586847640617023e-05
1.235599810917789954e-05
1.235655326900015859e-05
1.235756384299893473e-05
1.235624566293019740e-05
1.235591568777129252e-05
1.235605375137447560e-05
1.235424020782855669e-05
1.235591346213734604e-05
1.235387758856666167e-05
1.235301515746149485e-05
1.235273650861852230e-05
1.235401614809475030e-05
1.235399105560234891e-05
1.235438903789809185e-05
1.235442060706320362e-05
1.235546562619019717e-05
1.235615696948332847e-05
1.235536486930578720e-05
1.235479170315503915e-05
1.235529987852477744e-05
1.235535722662507046e-05
1.235613422088198258e-05
1.235718084065197141e-05
1.235575359557825314e-05
1.235538762104772119e-05
1.235563686447688359e-05
1.235371595637273669e-05
1.235531615606329692e-05
1.235338836472336095e-05
1.235256040329864068e-05
1.235217188542963253e-05
1.235337741761598596e-05
1.235346247255553651e-05
1.235378757762241879e-05
1.235381918386066342e-05
1.235493790700978539e-05
1.235584852631735316e-05
1.235494637004111534e-05
1.235437153507888377e-05
1.235462497463340659e-05
1.235472113092819125e-05
1.235568233821722013e-05
1.235665640554433803e-05
1.235501053883659092e-05
1.235446301032247085e-05
1.235464069195099243e-05
1.235271826679143995e-05
1.235439165208469444e-05
1.235239001459737431e-05
1.235178207235284452e-05
1.235124713026188149e-05
1.235230827162583995e-05
1.235261074762471668e-05
1.235293585269146683e-05
1.235303999059948391e-05
1.235404973059017739e-05
1.235474427444758994e-05
1.235395122846482829e-05
1.235333957083786903e-05
1.235377336814646317e-05
1.235397828812971613e-05
1.235497659198052595e-05
1.235587804347074175e-05
1.235441324455349454e-05
1.235386571604002330e-05
1.235418951495336279e-05
1.235204738119310519e-05
1.235375685819724113e-05
1.235193458164920103e-05
1.235132590758838622e-05
1.235075447054526538e-05
1.235177981315030641e-05
1.235211894644550352e-05
1.235248011759240942e-05
1.235254718758223019e-05
1.235373759489039318e-05
1.235413756505210334e-05
1.235323550806486091e-05
1.235269768481924093e-05
1.235320544630501001e-05
1.235348467706236510e-05
1.235451903171449108e-05
1.235538429538971287e-05
1.235399181124481693e-05
1.235340755482349755e-05
1.235373320471631516e-05
1.235166247219537076e-05
1.235329702827889044e-05
1.235147386766420639e-05
1.235068254990411903e-05
1.235000109336753349e-05
1.235120819326786483e-05
1.235165606898425750e-05
1.235201724013129384e-05
1.235219390492220542e-05
1.235334821589760764e-05
1.235371221438932560e-05
1.235280988589135552e-05
1.235219951253200192e-05
1.235259996378587810e-05
1.235284174730931573e-05
1.235376536783466842e-05
1.235463063150976147e-05
1.235312942606160064e-05
1.235239840189654892e-05
1.235283308458347173e-05
1.235090876135988196e-05
1.235246662256344901e-05
1.235082708127285458e-05
1.234999957956499700e-05
1.234950278547002317e-05
1.235063790685954959e-05
1.235126619088831583e-05
1.235155586398104216e-05
1.235162171027930468e-05
1.235233209448400568e-05
1.235273136997497482e-05
1.235182880457674466e-05
1.235107218706514214e-05
1.235132813819564769e-05
1.235160631700448290e-05
1.235256715924860681e-05
1.235354085919014752e-05
1.235196805788806505e-05
1.235127377101711647e-05
1.235148938647739165e-05
1.234952800384283349e-05
1.235104937886667328e-05
1.234944602160351759e-05
1.234843627724923902e-05
1.234804988352832916e-05
1.234907669275356604e-05
1.234966673106744862e-05
1.235002922601695871e-05
1.235009491769866561e-05
1.235069606587326195e-05
1.235113303458021119e-05
1.235008736323453975e-05
1.234936807236221934e-05
1.234951208087199403e-05
1.234979215646440512e-05
1.235078948757370310e-05
1.235176318751472543e-05
1.235029861363272609e-05
1.234982314311899256e-05
1.235000187652270059e-05
1.234818405875809891e-05
1.234955913699685644e-05
1.234784706768874824e-05
1.234683655347919537e-05
1.234633890684119959e-05
1.234729197306534089e-05
1.234787861161185805e-05
1.234816812576021894e-05
1.234830634258692218e-05
1.234883360195066198e-05
1.234926927168449716e-05
1.234814997674409177e-05
1.234746742514286464e-05
1.234761085531457389e-05
1.234774397618222540e-05
1.234870527579028831e-05
1.234964294179677691e-05
1.234817735946319692e-05
1.234766560327298370e-05
1.234802850202598827e-05
1.234632084884181870e-05
1.234773375316032841e-05
1.234602148881531162e-05
1.234504657394044864e-05
1.234440385303312516e-05
1.234528485233672682e-05
1.234583359627634950e-05
1.234597683275158489e-05
1.234611356144925760e-05
1.234660336499474491e-05
1.234696519347539127e-05
1.234580962080702269e-05
1.234527594882635156e-05
1.234545448204853886e-05
1.234576904025819169e-05
1.234698807491280617e-05
1.234792574091903558e-05
1.234653129171465480e-05
1.234616492407348591e-05
1.234645434228702225e-05
1.234511253953817555e-05
1.234634161853127415e-05
1.234455682074116315e-05
1.234361738144321689e-05
1.234304691574563321e-05
1.234403892781274269e-05
1.234436749156062045e-05
1.234454681259840772e-05
1.234464794820907676e-05
1.234513655326465683e-05
1.234560771882899649e-05
1.234452535128574771e-05
1.234402725610500887e-05
1.234373613928568303e-05
1.234401418301933966e-05
1.234512286895062775e-05
1.234613315080470461e-05
1.234484804716162772e-05
1.234437311326896018e-05
1.234469810691973067e-05
1.234335573817908946e-05
1.234476933732529030e-05
1.234291130500131613e-05
1.234189808683093042e-05
1.234129044659764969e-05
1.234250192434188852e-05
1.234297686862272060e-05
1.234312010509782893e-05
1.234322124070875716e-05
1.234374933028288538e-05
1.234418495099312681e-05
1.234328472663117329e-05
1.234271544568149351e-05
1.234235186427595282e-05
1.234240810168962314e-05
1.234322150792996766e-05
1.234419552362860461e-05
1.234298320893685348e-05
1.234258188801561902e-05
1.234283459485223768e-05
1.234149328758366014e-05
1.234290552100173137e-05
1.234104832290725428e-05
1.234010694462190049e-05
1.233939119850382411e-05
1.234067483298893176e-05
1.234129618078527156e-05
1.234140315524509303e-05
1.234143171622727035e-05
1.234199822643540953e-05
1.234250789192295074e-05
1.234168098598614359e-05
1.234118555853405429e-05
1.234063573597812801e-05
1.234069273923901098e-05
1.234161765938220364e-05
1.234262768945151532e-05
1.234137757607285424e-05
1.234104979550004546e-05
1.234119170430411286e-05
1.233977869843507044e-05
1.234115139142231460e-05
1.233933028782063604e-05
1.233831795697277881e-05
1.233752698744519861e-05
1.233899147557598117e-05
1.233964879519317651e-05
1.233968226689202017e-05
1.233963662582036556e-05
1.234016625126991097e-05
1.234060458440092331e-05
1.233981178225044791e-05
1.233927844810948952e-05
1.233876660352392250e-05
1.233878788455270596e-05
1.233967729096527386e-05
1.234076013169241637e-05
1.233943582179476190e-05
1.233903624026304026e-05
1.233906789434140759e-05
1.233747298610770033e-05
1.233884536396534889e-05
1.233717118926458748e-05
1.233612155697769137e-05
1.233536670356120306e-05
1.233675739916622210e-05
1.233719575178212794e-05
1.233715568313216306e-05
1.233699923879680028e-05
1.233749203469632603e-05
1.233785883656643998e-05
1.233699236884110377e-05
1.233645895629765092e-05
1.233605529355578561e-05
1.233607617574401003e-05
1.233685466909815353e-05
1.233786489398800092e-05
1.233650417116322617e-05
1.233606890640583297e-05
1.233621112517758401e-05
1.233502130054732244e-05
1.233643038311976278e-05
1.233486364453887568e-05
1.233395900932071362e-05
1.233327629378956982e-05
1.233459226175543757e-05
1.233502949633186149e-05
1.233495317492485604e-05
1.233476052815852053e-05
1.233539943235072176e-05
1.233576597845152590e-05
1.233497358915980830e-05
1.233451414994632109e-05
1.233407537808322145e-05
1.233409278698283189e-05
1.233465006572982334e-05
1.233566029061993162e-05
1.233437175936593915e-05
1.233408188559823442e-05
1.233429726178994539e-05
1.233303504821662994e-05
1.233436975453932810e-05
1.233280320503670319e-05
1.233189856981892907e-05
1.233110434528510067e-05
1.233249043031265457e-05
1.233260467968157694e-05
1.233263658423698884e-05
1.233255395757921642e-05
1.233322954485052479e-05
1.233381901956260271e-05
1.233309899063382932e-05
1.233260125658878932e-05
1.233216146621379709e-05
1.233254439187806132e-05
1.233324873755891300e-05
1.233425896244927878e-05
1.233300679207675684e-05
1.233268054417974403e-05
1.233318988328445205e-05
1.233189012289445239e-05
1.233322482921766893e-05
1.233180421630298567e-05
1.233119126412274551e-05
1.233039667116882979e-05
1.233127203694009793e-05
1.233138711760481367e-05
1.233145507900463900e-05
1.233137245234712577e-05
1.233193833671141596e-05
1.233267785716231283e-05
1.233203065952841662e-05
1.233153202581907157e-05
1.233127949542992919e-05
1.233148037105155345e-05
1.233222220391792921e-05
1.233326858155346699e-05
1.233190788992516810e-05
1.233154580832965734e-05
1.233183604466687933e-05
1.233057369680796231e-05
1.233198358671615811e-05
1.233063678653353968e-05
1.233006212099566323e-05
1.232937839637212449e-05
1.233040433283078916e-05
1.233044522023326341e-05
1.233058605882182374e-05
1.233031784518883558e-05
1.233092069150963490e-05
1.233158928904513692e-05
1.233105023040396236e-05
1.233055253579881435e-05
1.233048192872072977e-05
1.233082961823392025e-05
1.233171720220873217e-05
1.233272742709909794e-05
1.233111153265048180e-05
1.233067700512384370e-05
1.233104011440745822e-05
1.232966854307060084e-05
1.233115221297170991e-05
1.232980366768426620e-05
1.232926606376885274e-05
1.232854184493115640e-05
1.232971353194205982e-05
1.232986101700715810e-05
1.233000185559559138e-05
1.232966123940162277e-05
1.233026408572177157e-05
1.233103861301057813e-05
1.233039061327553079e-05
1.232992959315921550e-05
1.232978542757560872e-05
1.233050197707197897e-05
1.233102528061530293e-05
1.233207182346299924e-05
1.233045462955201264e-05
1.232998290788579788e-05
1.233038060013084421e-05
1.232893707778227426e-05
1.233042407688460841e-05
1.232900265518029523e-05
1.232857417154762079e-05
1.232795858225251604e-05
1.232909462001891235e-05
1.232928028574864775e-05
1.232949343395051207e-05
1.232911657370130444e-05
1.232971942002171244e-05
1.233027147672744608e-05
1.232966116558296400e-05
1.232923679887348019e-05
1.232920146578123730e-05
1.232955170215977159e-05
1.232992838101056825e-05
1.233090264608822233e-05
1.232928382891871994e-05
1.232881219952651262e-05
1.232906291187408471e-05
1.232761699276034691e-05
1.232906856063411229e-05
1.232757464446426496e-05
1.232714478573282690e-05
1.232637994075786316e-05
1.232747746543652777e-05
1.232766332724033818e-05
1.232791325032282008e-05
1.232757259598631411e-05
1.232821166562914583e-05
1.232869136236221587e-05
1.232790140788532463e-05
1.232725627969797465e-05
1.232707523854373698e-05
1.232760707659885417e-05
1.232805672011087353e-05
1.232895888602785740e-05
1.232733892776146904e-05
1.232686761071631005e-05
1.232711793214234593e-05
1.232559919417667035e-05
1.232701440765110507e-05
1.232552037718605724e-05
1.232520013743400458e-05
1.232454587064092110e-05
1.232560624144482134e-05
1.232575521225507419e-05
1.232611371444540890e-05
1.232577365055933453e-05
1.232648633193981453e-05
1.232689505848397785e-05
1.232625289774337789e-05
1.232557193929528262e-05
1.232546306744917898e-05
1.232588465351960149e-05
1.232640765723488010e-05
1.232723710622317882e-05
1.232597937289634588e-05
1.232561639620475832e-05
1.232575533484072316e-05
1.232445519829051009e-05
1.232587030187053786e-05
1.232434025141951541e-05
1.232394793589706697e-05
1.232336765682073937e-05
1.232424501050750582e-05
1.232406318068406395e-05
1.232438634397771342e-05
1.232415641986091082e-05
1.232472173088854156e-05
1.232520187795823831e-05
1.232459637429743170e-05
1.232384144768515877e-05
1.232380703794101768e-05
1.232404552581695645e-05
1.232464203644308478e-05
1.232550806865243139e-05
1.232465040468703351e-05
1.232432276053537763e-05
1.232457081797144688e-05
1.232334519083925639e-05
1.232465171713733793e-05
1.232323012510245788e-05
1.232291034302536285e-05
1.232236789354786542e-05
1.232324509929725630e-05
1.232295367535324683e-05
1.232327661667321344e-05
1.232308289498713115e-05
1.232371948965056548e-05
1.232427427294032998e-05
1.232377847807251081e-05
1.232324242350117358e-05
1.232320852281783680e-05
1.232315370654422758e-05
1.232360197650556138e-05
1.232464944705092111e-05
1.232353626517578008e-05
1.232324486428702826e-05
1.232360322713677889e-05
1.232241578196167921e-05
1.232364813057303721e-05
1.232215448742274749e-05
1.232201648927062187e-05
1.232150951645459232e-05
1.232271808970023585e-05
1.232246323387632007e-05
1.232285965917447490e-05
1.232266593748851967e-05
1.232319348042673020e-05
1.232396691687701530e-05
1.232350770546433514e-05
1.232293518613401898e-05
1.232279095251973623e-05
1.232277439268237086e-05
1.232322273155470705e-05
1.232416144859089824e-05
1.232286594899829856e-05
1.232253763104222798e-05
1.232300469759374468e-05
1.232178003967594461e-05
1.232304870724893132e-05
1.232170070626009579e-05
1.232152727885323551e-05
1.232105745683284124e-05
1.232273755822247390e-05
1.232259229950468308e-05
1.232302476317220746e-05
1.232276057357552502e-05
1.232332423996591293e-05
1.232406356008753603e-05
1.232349492506798028e-05
1.232292184943079689e-05
1.232263337801550677e-05
1.232261565600116681e-05
1.232291787398257954e-05
1.232385659101915867e-05
1.232248954927986081e-05
1.232198077547371183e-05
1.232237317573708189e-05
1.232114982519352106e-05
1.232267106228211114e-05
1.232125292555628159e-05
1.232093489327382320e-05
1.232050179956626216e-05
1.232188795967838083e-05
1.232189072147907531e-05
1.232232318514634388e-05
1.232205893493867561e-05
1.232276944099760924e-05
1.232343622726578523e-05
1.232272102040282028e-05
1.232222067402013035e-05
1.232185811561379345e-05
1.232202272729951752e-05
1.232214081457349062e-05
1.232300723073352775e-05
1.232171219841797826e-05
1.232124017129818271e-05
1.232174252201442243e-05
1.232044537239077915e-05
1.232215035350327495e-05
1.232069642227577994e-05
1.232030356373014486e-05
1.231986992699300208e-05
1.232122081692213342e-05
1.232126053630884354e-05
1.232169299997637131e-05
1.232142874976869795e-05
1.232221212087740699e-05
1.232273345766450869e-05
1.232194432786833254e-05
1.232151924584797817e-05
1.232104954666706662e-05
1.232136338577647420e-05
1.232155453479767669e-05
1.232245718551518596e-05
1.232112685924147109e-05
1.232080028574751412e-05
1.232111689246220422e-05
1.231974560038590588e-05
1.232134107484278826e-05
1.231985186024077574e-05
1.231938656431330321e-05
1.231869259102712138e-05
1.232044291467426390e-05
1.232048259621695309e-05
1.232087852758735699e-05
1.232068744272123121e-05
1.232139688050180689e-05
1.232206656672589135e-05
1.232116761532933724e-05
1.232070548638812684e-05
1.232030763636850822e-05
1.232062467120001122e-05
1.232074194020058389e-05
1.232171682145119671e-05
1.232053392038157420e-05
1.232028004860782074e-05
1.232041555541192527e-05
1.231904315700890981e-05
1.232060225527944428e-05
1.231907742902873951e-05
1.231853846677909781e-05
1.231802901488478018e-05
1.231981458605799841e-05
1.231981672985110315e-05
1.232021266122151212e-05
1.232002127180504083e-05
1.232076847904027425e-05
1.232172812744066654e-05
1.232093943363517249e-05
1.232033167853513376e-05
1.231982505654219047e-05
1.232032195248339961e-05
1.232025340932301463e-05
1.232122829057362744e-05
1.232015566827101404e-05
1.231990222515188858e-05
1.231996528269995314e-05
1.231833530817489710e-05
1.231971283987364975e-05
1.231822271603918532e-05
1.231775582982618895e-05
1.231721109179925700e-05
1.231925438493426512e-05
1.231911302771712802e-05
1.231943541871988874e-05
1.231906021382731393e-05
1.231995507386541925e-05
1.232098721711268161e-05
1.232031042874858119e-05
1.231952106870235140e-05
1.231916178887389196e-05
1.231976907027794625e-05
1.231969947716879300e-05
1.232067438013836904e-05
1.231971090473671340e-05
1.231960347805309783e-05
1.231984990430604143e-05
1.231833018172474296e-05
1.231967177273282375e-05
1.231810830419569628e-05
1.231771362874831096e-05
1.231713480209312028e-05
1.231936011864154668e-05
1.231914799240725085e-05
1.231950662691587858e-05
1.231931476879451536e-05
1.232010109748786817e-05
1.232120663213376789e-05
1.232049313684932895e-05
1.231944569439219500e-05
1.231912341378212189e-05
1.231943829886643928e-05
1.231929552662924893e-05
1.232023419504225748e-05
1.231923313536134442e-05
1.231927038064489919e-05
1.231955365071038278e-05
1.231799895566695308e-05
1.231959711996967230e-05
1.231807034478021545e-05
1.231756419347562218e-05
1.231669086426109543e-05
1.231887901781684080e-05
1.231866629269173328e-05
