-4.833180425191647804e-04
-4.982790373313305361e-04
-5.282960173989137290e-04
-5.282960173989137290e-04
-5.433522039052703654e-04
-5.887127658027423160e-04
-5.584403229386818721e-04
-5.735604761950941844e-04
-5.887127658027423160e-04
-6.343634805481724193e-04
-6.649598641490402084e-04
-9.045353206453180623e-04
-8.889982819176853786e-04
-8.889982819176853786e-04
-8.734943007192605240e-04
-9.045353206453180623e-04
-6.038972943244491935e-04
-6.191141647599403188e-04
-6.649598641490402084e-04
-6.803071410567951543e-04
-6.803071410567951543e-04
-6.803071410567951543e-04
-6.956872815125323154e-04
-7.111003911868241361e-04
-6.803071410567951543e-04
-6.956872815125323154e-04
-4.243583885668844027e-04
-4.243583885668844027e-04
-4.092684394405008189e-04
-4.394806848510951730e-04
-4.243583885668844027e-04
-3.791851683966539709e-04
-3.942107337951565637e-04
-3.791851683966539709e-04
-3.641916404509067551e-04
-3.641916404509067551e-04
-3.194022599459567300e-04
-2.897009952491429673e-04
-2.748975577069280238e-04
-2.748975577069280238e-04
-2.897009952491429673e-04
-2.748975577069280238e-04
-3.045358625950568359e-04
-3.045358625950568359e-04
-2.897009952491429673e-04
-2.748975577069280238e-04
-2.306748282381571426e-04
-2.159961163469757922e-04
-2.159961163469757922e-04
-2.306748282381571426e-04
-2.159961163469757922e-04
-1.721452010128710476e-04
-1.721452010128710476e-04
-2.013483395704228709e-04
-2.013483395704228709e-04
-2.013483395704228709e-04
-1.867314002186626928e-04
-2.306748282381571426e-04
-2.453845733468673997e-04
-2.748975577069280238e-04
-3.343002879295181129e-04
-3.641916404509067551e-04
-3.641916404509067551e-04
-3.641916404509067551e-04
-3.492300476020754004e-04
-3.194022599459567300e-04
-3.343002879295181129e-04
-3.194022599459567300e-04
-3.343002879295181129e-04
-3.194022599459567300e-04
-3.194022599459567300e-04
-3.492300476020754004e-04
-5.887127658027423160e-04
-5.735604761950941844e-04
-5.433522039052703654e-04
-5.433522039052703654e-04
-5.282960173989137290e-04
-5.282960173989137290e-04
-5.282960173989137290e-04
-4.982790373313305361e-04
-5.132716621536699336e-04
-5.132716621536699336e-04
-5.132716621536699336e-04
-5.584403229386818721e-04
-5.887127658027423160e-04
-3.343002879295181129e-04
-3.343002879295181129e-04
-2.897009952491429673e-04
-3.641916404509067551e-04
-3.791851683966539709e-04
-3.641916404509067551e-04
-4.394806848510951730e-04
-3.641916404509067551e-04
-3.492300476020754004e-04
-3.492300476020754004e-04
-7.934593044433031349e-05
-7.934593044433031349e-05
-7.934593044433031349e-05
-9.401980035376109859e-05
1.328089637918469692e-04
1.182993973241704317e-04
1.328089637918469692e-04
1.182993973241704317e-04
1.182993973241704317e-04
1.472875269123703854e-04
1.472875269123703854e-04
6.887857876200175183e-04
6.887857876200175183e-04
6.887857876200175183e-04
6.748863670243151038e-04
6.887857876200175183e-04
7.303064210290248059e-04
7.715625918047340666e-04
7.164957199377958380e-04
7.164957199377958380e-04
7.164957199377958380e-04
7.164957199377958380e-04
7.303064210290248059e-04
7.440877376498468507e-04
7.715625918047340666e-04
7.715625918047340666e-04
2.620117346895182433e-04
2.620117346895182433e-04
3.186477359971647710e-04
2.903896042664996856e-04
2.620117346895182433e-04
2.620117346895182433e-04
2.477776601296961551e-04
2.620117346895182433e-04
2.477776601296961551e-04
2.477776601296961551e-04
2.620117346895182433e-04
5.025379782046967723e-04
5.443862514313540374e-04
5.721377990410064437e-04
2.903896042664996856e-04
2.762156842238168842e-04
2.903896042664996856e-04
2.620117346895182433e-04
2.335133646047788758e-04
2.620117346895182433e-04
3.045335899479518788e-04
2.903896042664996856e-04
5.132580982509447583e-05
8.045117016279705691e-06
8.045117016279705691e-06
-6.442911508704899546e-06
2.192187517673751043e-04
2.335133646047788758e-04
2.620117346895182433e-04
2.762156842238168842e-04
2.620117346895182433e-04
6.569189858671371004e-05
2.250251545981614290e-05
8.045117016279705691e-06
-6.442911508704899546e-06
-2.096166755972340610e-05
-5.009175408929082641e-05
-3.551124899513898004e-05
-3.551124899513898004e-05
-3.551124899513898004e-05
-3.551124899513898004e-05
-5.009175408929082641e-05
-5.009175408929082641e-05
-2.897009952491429673e-04
-2.897009952491429673e-04
-2.897009952491429673e-04
-2.748975577069280238e-04
-2.306748282381571426e-04
-2.601254501912574763e-04
-2.453845733468673997e-04
-2.453845733468673997e-04
2.903896042664996856e-04
3.186477359971647710e-04
1.086090797191140308e-04
1.370705785972746796e-04
1.512566241114154920e-04
1.370705785972746796e-04
1.512566241114154920e-04
1.512566241114154920e-04
-1.430646359643618858e-04
-1.575896450826035978e-04
-2.306748282381571426e-04
-2.159961163469757922e-04
-1.575896450826035978e-04
-1.285700775989885927e-04
-1.141058743296684589e-04
-1.141058743296684589e-04
-9.967193089982387486e-05
-1.430646359643618858e-04
-1.430646359643618858e-04
-1.430646359643618858e-04
-2.159961163469757922e-04
-2.453845733468673997e-04
-2.601254501912574763e-04
-2.748975577069280238e-04
-6.442911508704899546e-06
-6.442911508704899546e-06
8.045117016279705691e-06
3.692938085489738166e-05
2.250251545981614290e-05
-3.551124899513898004e-05
-3.551124899513898004e-05
-1.087249912236309371e-04
-9.401980035376109859e-05
-7.934593044433031349e-05
-6.470328153470682306e-05
-5.009175408929082641e-05
-6.442911508704899546e-06
-3.551124899513898004e-05
-3.551124899513898004e-05
-3.551124899513898004e-05
-6.442911508704899546e-06
2.335133646047788758e-04
2.192187517673751043e-04
1.905381867134147734e-04
4.604223038711598333e-04
4.744907312549157701e-04
4.604223038711598333e-04
4.463238798405302281e-04
4.463238798405302281e-04
4.744907312549157701e-04
5.304663808877413227e-04
5.443862514313540374e-04
5.304663808877413227e-04
5.304663808877413227e-04
5.582766930731831740e-04
5.997723749009869262e-04
6.135460292901455826e-04
5.997723749009869262e-04
8.803051724597483682e-04
1.387935440685564509e-03
1.667933327529651970e-03
1.680582601968675120e-03
1.959683913697124729e-03
1.947341745138277905e-03
2.214100888307999303e-03
2.262195828166673091e-03
2.827619043079473982e-03
2.838952158947451176e-03
4.131694100726260657e-03
4.131694100726260657e-03
4.671856676004747244e-03
4.690672724790962388e-03
4.700051318450827569e-03
5.492818323699503839e-03
6.037278493797370270e-03
6.037278493797370270e-03
6.045228042186979317e-03
6.564689911094308793e-03
6.572091214767393497e-03
6.557273188038571440e-03
6.564689911094308793e-03
6.308659628477128294e-03
6.277861781228173330e-03
6.013330271821991022e-03
6.005314165476349081e-03
5.740506238609972313e-03
5.723869091372292897e-03
5.715524358716916019e-03
4.652961733932216813e-03
4.614933176834660512e-03
4.614933176834660512e-03
4.633987401346776995e-03
4.633987401346776995e-03
4.377565124990147501e-03
4.633987401346776995e-03
4.367788676545177572e-03
4.377565124990147501e-03
4.357991667745958649e-03
4.367788676545177572e-03
3.611516985581522156e-03
3.346432062975745591e-03
3.324758452951372296e-03
3.070244106962278195e-03
2.816262217764074066e-03
2.793477140558963713e-03
2.804881608521312287e-03
2.793477140558963713e-03
2.793477140558963713e-03
2.793477140558963713e-03
2.782048738770880915e-03
2.770596327735344241e-03
2.238198878132145828e-03
2.238198878132145828e-03
1.705801428528828587e-03
1.693205274358404845e-03
1.718371147958076134e-03
1.693205274358404845e-03
1.693205274358404845e-03
1.413823458799072334e-03
1.452451750254904429e-03
9.872315931039403990e-04
9.606677595234011050e-04
9.606677595234011050e-04
1.654129917060706513e-04
1.654129917060706513e-04
1.795397744154705150e-04
4.304979143118474330e-04
6.819816209933476881e-04
6.955828369176242148e-04
7.091556281482241323e-04
1.654129917060706513e-04
1.228547617389279159e-04
1.228547617389279159e-04
8.002774295094006564e-05
8.002774295094006564e-05
8.002774295094006564e-05
5.582766930731831740e-04
5.165169878191156350e-04
5.304663808877413227e-04
5.443862514313540374e-04
7.989210270860836642e-04
8.125568186390102901e-04
7.852563155086545940e-04
7.440877376498468507e-04
7.303064210290248059e-04
7.026555402955583481e-04
7.026555402955583481e-04
7.440877376498468507e-04
7.303064210290248059e-04
7.578397634808265804e-04
7.026555402955583481e-04
7.026555402955583481e-04
2.048937248601044939e-04
2.048937248601044939e-04
7.303064210290248059e-04
4.463238798405302281e-04
4.463238798405302281e-04
7.303064210290248059e-04
7.303064210290248059e-04
7.026555402955583481e-04
6.887857876200175183e-04
7.026555402955583481e-04
6.887857876200175183e-04
6.609571832153457753e-04
6.469981404914589354e-04
5.908614519915222603e-04
6.049408956394902986e-04
6.189900934364422121e-04
6.049408956394902986e-04
6.049408956394902986e-04
6.330091427402676548e-04
6.330091427402676548e-04
6.469981404914589354e-04
6.049408956394902986e-04
5.908614519915222603e-04
5.767516647150026802e-04
5.626114356104862380e-04
6.189900934364422121e-04
6.049408956394902986e-04
5.908614519915222603e-04
6.049408956394902986e-04
3.467868861204001702e-04
3.610979989513887333e-04
3.324449967026782806e-04
3.036684901339302889e-04
3.180722313120441986e-04
2.892336729230696570e-04
2.892336729230696570e-04
2.747676790011704278e-04
2.602704072545752238e-04
2.892336729230696570e-04
2.747676790011704278e-04
3.324449967026782806e-04
3.467868861204001702e-04
3.324449967026782806e-04
3.610979989513887333e-04
-1.530294956213569990e-04
-1.827242886261276037e-04
-1.976195285114421636e-04
-1.678609785154867732e-04
-1.530294956213569990e-04
-1.530294956213569990e-04
-1.382297378243269384e-04
-9.401980035376109859e-05
-7.934593044433031349e-05
-6.470328153470682306e-05
-6.470328153470682306e-05
4.885292576240410486e-04
4.885292576240410486e-04
4.885292576240410486e-04
4.744907312549157701e-04
9.731157174685813819e-04
4.038476654080208768e-04
3.753784341557299181e-04
4.038476654080208768e-04
3.896282902696978625e-04
3.753784341557299181e-04
4.180366572661338193e-04
4.038476654080208768e-04
3.896282902696978625e-04
3.467868861204001702e-04
7.458367880447898976e-05
7.458367880447898976e-05
8.918685516263056483e-05
1.182993973241704317e-04
3.467868861204001702e-04
3.467868861204001702e-04
3.896282902696978625e-04
4.180366572661338193e-04
4.321953631224151847e-04
9.595349179737810335e-04
9.322860761608731247e-04
9.866675600349414810e-04
1.013684744044658073e-03
1.000190538186769866e-03
1.000190538186769866e-03
1.040587205404651990e-03
1.027150269337492525e-03
1.027150269337492525e-03
1.040587205404651990e-03
7.989210270860836642e-04
1.040587205404651990e-03
1.053995643198074074e-03
1.335830319482529931e-03
1.335830319482529931e-03
1.322734970887493554e-03
1.322734970887493554e-03
1.296460775194158361e-03
1.335830319482529931e-03
1.361937959493352739e-03
1.426726635019684962e-03
1.439602703727229163e-03
1.439602703727229163e-03
1.413823458799072334e-03
1.426726635019684962e-03
1.133852851215378646e-03
1.133852851215378646e-03
1.120613514513494431e-03
1.094050870686669305e-03
1.107346217227234185e-03
1.067375673284306744e-03
1.080727385846547497e-03
1.617068520261621912e-03
1.629825048300036390e-03
1.617068520261621912e-03
1.591474298576913251e-03
1.591474298576913251e-03
1.565771281050824196e-03
1.565771281050824196e-03
1.578636432604487621e-03
1.604284965680753119e-03
1.642554635413343315e-03
1.617068520261621912e-03
2.141194258077318540e-03
2.116685659804442947e-03
2.128952953955871689e-03
1.885239087469278057e-03
1.897712137106838870e-03
1.872739611879095352e-03
1.361937959493352739e-03
1.374950426320288750e-03
1.400893089372515308e-03
1.387935440685564509e-03
1.400893089372515308e-03
1.387935440685564509e-03
1.374950426320288750e-03
1.400893089372515308e-03
1.413823458799072334e-03
1.413823458799072334e-03
1.387935440685564509e-03
1.361937959493352739e-03
1.361937959493352739e-03
1.387935440685564509e-03
1.133852851215378646e-03
1.107346217227234185e-03
1.107346217227234185e-03
1.120613514513494431e-03
1.147064315629469549e-03
1.655257366857634804e-03
1.629825048300036390e-03
1.629825048300036390e-03
1.642554635413343315e-03
1.860213626266451993e-03
1.847661046204525023e-03
1.847661046204525023e-03
1.847661046204525023e-03
2.128952953955871689e-03
2.116685659804442947e-03
2.092072769624023307e-03
2.128952953955871689e-03
2.116685659804442947e-03
2.141194258077318540e-03
2.128952953955871689e-03
2.631266782413645752e-03
2.631266782413645752e-03
2.584029700096481929e-03
2.560259433834158327e-03
2.572157278337652668e-03
2.536387149261695641e-03
2.548336084840837918e-03
2.017601647943103194e-03
1.980006130016168705e-03
1.980006130016168705e-03
2.239916289259756988e-03
2.239916289259756988e-03
2.239916289259756988e-03
2.227596776067785212e-03
2.227596776067785212e-03
2.252209337332090021e-03
