5.187260089220578152e-04
1.670843776106898347e-03
1.670843776106898347e-03
1.694164255740551088e-03
1.763668430335114685e-03
1.740576208661356395e-03
1.694164255740551088e-03
1.301066874837514742e-03
1.253132832080099601e-03
4.683840749416177105e-04
4.430891130397452879e-04
3.922491566642536775e-04
3.410730683457836821e-04
-5.255965520865884958e-04
-5.255965520865884958e-04
-5.255965520865884958e-04
-4.984914075823107787e-04
2.895575034877380122e-04
3.153579312519829672e-04
2.895575034877380122e-04
2.895575034877380122e-04
2.895575034877380122e-04
2.636713600169349279e-04
3.153579312519829672e-04
2.636713600169349279e-04
2.376990729736994730e-04
3.153579312519829672e-04
3.153579312519829672e-04
2.636713600169349279e-04
2.895575034877380122e-04
2.376990729736994730e-04
2.376990729736994730e-04
2.116402116401695278e-04
2.636713600169349279e-04
2.376990729736994730e-04
-6.349206349206589894e-04
-6.349206349206589894e-04
-2.267573696145160772e-03
-1.423825344091028981e-03
-1.423825344091028981e-03
-1.366551035425159905e-03
-1.395140698623363379e-03
-1.338055883510405131e-03
-1.338055883510405131e-03
-1.366551035425159905e-03
-1.423825344091028981e-03
-1.452605445949902048e-03
-1.423825344091028981e-03
-1.338055883510405131e-03
-1.338055883510405131e-03
-1.338055883510405131e-03
-1.253132832080247920e-03
-1.281347245103446825e-03
-1.281347245103446825e-03
-1.309654775001309812e-03
-1.309654775001309812e-03
-1.338055883510405131e-03
-1.281347245103446825e-03
-1.423825344091028981e-03
-1.452605445949902048e-03
-1.395140698623363379e-03
-1.423825344091028981e-03
-1.366551035425159905e-03
-1.366551035425159905e-03
-1.366551035425159905e-03
-1.338055883510405131e-03
-1.338055883510405131e-03
-1.423825344091028981e-03
-1.338055883510405131e-03
-1.338055883510405131e-03
-1.309654775001309812e-03
-1.338055883510405131e-03
-1.338055883510405131e-03
-1.423825344091028981e-03
-1.452605445949902048e-03
-1.510453931155081569e-03
-1.452605445949902048e-03
-1.423825344091028981e-03
-1.395140698623363379e-03
-1.366551035425159905e-03
-1.395140698623363379e-03
-1.395140698623363379e-03
-1.423825344091028981e-03
-1.423825344091028981e-03
-1.338055883510405131e-03
-2.059061172361718265e-03
-2.059061172361718265e-03
-2.059061172361718265e-03
-2.088554720133696876e-03
-2.088554720133696876e-03
-2.088554720133696876e-03
-2.118145445987297103e-03
-1.670843776107046666e-03
-1.613322924798198674e-03
-1.584703712363322217e-03
-1.642036124794733504e-03
-1.642036124794733504e-03
-1.556178026766321006e-03
-1.556178026766321006e-03
-1.527745410290206815e-03
-1.556178026766321006e-03
-1.584703712363322217e-03
-1.556178026766321006e-03
-1.584703712363322217e-03
-1.584703712363322217e-03
-7.262164124909989459e-04
-1.670843776107046666e-03
-1.642036124794733504e-03
-1.670843776107046666e-03
-1.642036124794733504e-03
-1.670843776107046666e-03
-2.446005724694095759e-03
-2.862347124642118136e-03
-2.831683682747595208e-03
-1.942049250368989375e-03
-1.884114079236077219e-03
-1.855287569573207777e-03
-1.942049250368989375e-03
-1.971158833903908364e-03
-1.942049250368989375e-03
-1.884114079236077219e-03
-1.826554500784594113e-03
-1.855287569573207777e-03
-1.884114079236077219e-03
-1.884114079236077219e-03
-1.884114079236077219e-03
-1.855287569573207777e-03
-1.942049250368989375e-03
-1.942049250368989375e-03
-1.913034486324412253e-03
-1.085776330076045591e-03
-3.112356053532641903e-04
-2.848338900541537671e-04
-2.848338900541537671e-04
-3.112356053532641903e-04
-3.909609820940759145e-04
-3.642987249542792663e-04
-3.909609820940759145e-04
-3.642987249542792663e-04
-1.196981524850324182e-03
-1.169043722235182069e-03
-1.141197219628586196e-03
-1.085776330076045591e-03
-1.030715316429543565e-03
-1.058201058201122674e-03
-1.030715316429543565e-03
-1.058201058201122674e-03
-1.141197219628586196e-03
-1.113441570211571490e-03
-1.113441570211571490e-03
-1.169043722235182069e-03
-1.196981524850324182e-03
-1.141197219628586196e-03
-1.113441570211571490e-03
-1.141197219628586196e-03
-1.141197219628586196e-03
-1.113441570211571490e-03
-1.169043722235182069e-03
-1.169043722235182069e-03
-1.141197219628586196e-03
-1.085776330076045591e-03
-1.113441570211571490e-03
-1.085776330076045591e-03
-1.058201058201122674e-03
-1.058201058201122674e-03
-1.030715316429543565e-03
-1.030715316429543565e-03
-1.030715316429543565e-03
-1.003318669445052566e-03
-9.760106847485371974e-04
-1.800828381055109915e-04
-1.800828381055109915e-04
-2.061430632858794341e-04
-2.585181738275319115e-04
-2.585181738275319115e-04
-2.322880371661680747e-04
-2.061430632858794341e-04
-1.541069502234609153e-04
-1.800828381055109915e-04
-2.061430632858794341e-04
-2.061430632858794341e-04
-2.061430632858794341e-04
-2.322880371661680747e-04
-2.848338900541537671e-04
-2.848338900541537671e-04
-3.377237419790493330e-04
-2.848338900541537671e-04
-2.061430632858794341e-04
-2.061430632858794341e-04
-1.541069502234609153e-04
-1.800828381055109915e-04
-1.541069502234609153e-04
-1.541069502234609153e-04
-1.541069502234609153e-04
-1.541069502234609153e-04
-1.282149908967647901e-04
-1.541069502234609153e-04
-1.800828381055109915e-04
-1.800828381055109915e-04
6.677967843017613547e-04
7.168458781361307852e-04
6.923609508423258195e-04
6.431529932340305285e-04
5.936249838687865247e-04
5.437737901032640639e-04
5.687399824208347505e-04
5.687399824208347505e-04
5.936249838687865247e-04
5.936249838687865247e-04
-2.322880371661680747e-04
-2.061430632858794341e-04
-2.322880371661680747e-04
-1.541069502234609153e-04
-1.800828381055109915e-04
-1.541069502234609153e-04
-1.282149908967647901e-04
-1.024065540195096257e-04
-1.024065540195096257e-04
-1.800828381055109915e-04
-2.061430632858794341e-04
5.687399824208347505e-04
6.184291898577847510e-04
5.936249838687865247e-04
-2.061430632858794341e-04
-1.800828381055109915e-04
-1.541069502234609153e-04
-1.282149908967647901e-04
-9.216589861751501179e-04
-1.541069502234609153e-04
-1.800828381055109915e-04
-2.322880371661680747e-04
-1.541069502234609153e-04
-1.541069502234609153e-04
-1.282149908967647901e-04
-7.668123610160150591e-05
-1.282149908967647901e-04
-1.541069502234609153e-04
-5.120327700974026692e-04
-5.120327700974026692e-04
-8.946144211845275321e-04
-2.092584086153055807e-03
-2.092584086153055807e-03
-2.150537634408683681e-03
-2.150537634408683681e-03
-2.150537634408683681e-03
-2.150537634408683681e-03
-2.150537634408683681e-03
-1.359078903505473454e-03
-1.359078903505473454e-03
-2.150537634408683681e-03
-2.150537634408683681e-03
-1.797914419273613507e-03
-2.061430632858794341e-04
-2.061430632858794341e-04
5.936249838687865247e-04
5.936249838687865247e-04
5.687399824208347505e-04
1.294699500246287386e-04
9.580776301820465154e-04
9.580776301820465154e-04
1.806684733512358516e-04
1.806684733512358516e-04
2.061430632860259099e-04
5.936249838687865247e-04
1.395998138669201413e-03
1.395998138669201413e-03
5.936249838687865247e-04
5.687399824208347505e-04
5.437737901032640639e-04
5.437737901032640639e-04
5.437737901032640639e-04
5.187260089220578152e-04
5.187260089220578152e-04
5.187260089220578152e-04
5.187260089220578152e-04
5.437737901032640639e-04
5.437737901032640639e-04
5.437737901032640639e-04
5.437737901032640639e-04
5.187260089220578152e-04
1.037452017844705518e-04
1.037452017844705518e-04
1.294699500246287386e-04
1.037452017844705518e-04
7.793624814894322783e-05
5.204267499359525244e-05
5.204267499359525244e-05
0.000000000000000000e+00
2.606406547290876147e-05
5.204267499359525244e-05
2.606406547290876147e-05
0.000000000000000000e+00
0.000000000000000000e+00
-2.614994377774573967e-05
-7.870916961818894160e-05
-7.870916961818894160e-05
-5.238619100000474206e-05
-2.614994377774573967e-05
-5.238619100000474206e-05
-5.238619100000474206e-05
-8.354218880534491735e-04
-8.905652470008251298e-04
-8.629481446615959537e-04
-9.460737937557994444e-04
-9.182736455462833618e-04
-8.905652470008251298e-04
-8.079860296609124104e-04
-1.527745410290206815e-03
-1.499405408200155413e-03
-1.471157568718673347e-03
-1.499405408200155413e-03
-1.499405408200155413e-03
-1.556178026766321006e-03
-1.527745410290206815e-03
-1.527745410290206815e-03
-1.556178026766321006e-03
-1.556178026766321006e-03
-1.556178026766321006e-03
-1.499405408200155413e-03
-1.527745410290206815e-03
-1.499405408200155413e-03
-1.584703712363322217e-03
-1.584703712363322217e-03
-1.584703712363322217e-03
-1.556178026766321006e-03
-1.527745410290206815e-03
-1.527745410290206815e-03
-1.613322924798198674e-03
-1.613322924798198674e-03
-1.613322924798198674e-03
-1.613322924798198674e-03
-1.584703712363322217e-03
-1.642036124794733504e-03
-1.642036124794733504e-03
-1.642036124794733504e-03
-1.642036124794733504e-03
-1.527745410290206815e-03
-1.613322924798198674e-03
-1.613322924798198674e-03
-1.584703712363322217e-03
-1.584703712363322217e-03
-1.556178026766321006e-03
-1.670843776107046666e-03
-2.506265664160495839e-03
-2.506265664160495839e-03
-2.506265664160495839e-03
-1.757838121474377931e-03
-1.728744303001645416e-03
-1.757838121474377931e-03
-1.757838121474377931e-03
-1.699746345545446232e-03
-1.699746345545446232e-03
-1.699746345545446232e-03
-2.506265664160495839e-03
-2.893111267495539467e-03
-2.059061172361718265e-03
-2.088554720133696876e-03
-2.862347124642118136e-03
-2.831683682747595208e-03
-2.029664324746221268e-03
-2.029664324746221268e-03
-2.088554720133696876e-03
-2.088554720133696876e-03
-2.147833831002129990e-03
-2.177620359438499700e-03
-2.147833831002129990e-03
-2.147833831002129990e-03
-2.147833831002129990e-03
-2.147833831002129990e-03
-2.088554720133696876e-03
-2.088554720133696876e-03
-2.147833831002129990e-03
-2.207505518763731422e-03
-2.237489799678913857e-03
-2.237489799678913857e-03
-2.207505518763731422e-03
-2.237489799678913857e-03
-2.267573696145160772e-03
-2.297757705411627646e-03
-2.328042328042316186e-03
-2.720333835142415418e-03
-1.964219355523727333e-03
-2.024075849579181057e-03
-2.024075849579181057e-03
-1.994097471484255080e-03
-1.875181575680689603e-03
-1.845699520118094768e-03
-1.816315249151213536e-03
-1.787028277094520256e-03
-1.787028277094520256e-03
-1.787028277094520256e-03
-1.845699520118094768e-03
-1.875181575680689603e-03
-1.904761904761976968e-03
-1.994097471484255080e-03
-2.024075849579181057e-03
-2.024075849579181057e-03
-2.024075849579181057e-03
-2.054154995331568777e-03
-2.145002145002022995e-03
-2.114617628951427023e-03
-2.206080172182001316e-03
-2.206080172182001316e-03
-2.114617628951427023e-03
-2.084335417668829737e-03
-1.994097471484255080e-03
-1.994097471484255080e-03
-2.024075849579181057e-03
-2.024075849579181057e-03
-2.054154995331568777e-03
-2.175489485134161211e-03
-2.054154995331568777e-03
-2.024075849579181057e-03
-2.114617628951427023e-03
-2.114617628951427023e-03
-2.114617628951427023e-03
-2.024075849579181057e-03
-2.084335417668829737e-03
-2.145002145002022995e-03
-2.175489485134161211e-03
-2.175489485134161211e-03
-2.206080172182001316e-03
-2.267573696145057122e-03
-1.403736097613599541e-03
-1.345170836696413241e-03
-1.345170836696413241e-03
-1.374403751313743810e-03
-1.345170836696413241e-03
-1.345170836696413241e-03
-1.374403751313743810e-03
-1.462701121404248478e-03
-1.462701121404248478e-03
-1.462701121404248478e-03
-1.462701121404248478e-03
-1.374403751313743810e-03
-1.374403751313743810e-03
-1.403736097613599541e-03
-2.267573696145057122e-03
-2.267573696145057122e-03
-2.267573696145057122e-03
-2.145002145002022995e-03
-2.145002145002022995e-03
-2.114617628951427023e-03
-2.971171605235570744e-03
-3.003003003003015554e-03
-2.939447383891888744e-03
-2.907829798586185691e-03
-2.939447383891888744e-03
-2.939447383891888744e-03
-3.034942121236525268e-03
-3.034942121236525268e-03
-3.003003003003015554e-03
-3.066989507667589824e-03
-3.034942121236525268e-03
-3.066989507667589824e-03
-3.066989507667589824e-03
-2.175489485134161211e-03
-2.267573696145057122e-03
-2.175489485134161211e-03
-2.114617628951427023e-03
-2.114617628951427023e-03
-2.145002145002022995e-03
-2.145002145002022995e-03
-2.054154995331568777e-03
-2.024075849579181057e-03
-2.024075849579181057e-03
-2.024075849579181057e-03
-2.054154995331568777e-03
-2.024075849579181057e-03
-1.994097471484255080e-03
-3.565486094604291070e-03
-3.533196224226058894e-03
-3.501013451262314710e-03
-3.468937243771663074e-03
-2.566923359002465811e-03
-2.536544546429296294e-03
-2.627982760433091557e-03
-3.373342747313146355e-03
-3.341687552213945013e-03
-3.310136315062524228e-03
-3.310136315062524228e-03
-3.310136315062524228e-03
-2.506265664160495839e-03
-2.476086219928554707e-03
-2.446005724694095759e-03
-1.613322924798198674e-03
-1.670843776107046666e-03
-1.670843776107046666e-03
-1.699746345545446232e-03
-1.699746345545446232e-03
-1.699746345545446232e-03
-1.699746345545446232e-03
-1.728744303001645416e-03
-1.787028277094520256e-03
-1.787028277094520256e-03
-1.787028277094520256e-03
-1.728744303001645416e-03
-1.670843776107046666e-03
-1.699746345545446232e-03
-1.670843776107046666e-03
-1.699746345545446232e-03
