-4.304985098837632736e-04
-4.304985098837632736e-04
-4.304985098837632736e-04
-4.304985098837632736e-04
-4.662763760702339877e-04
-4.304985098837632736e-04
-4.662763760702339877e-04
-4.304985098837632736e-04
-4.304985098837632736e-04
-4.304985098837632736e-04
-3.948237499400359448e-04
-3.948237499400359448e-04
-3.948237499400359448e-04
-4.304985098837632736e-04
-4.662763760702339877e-04
-5.381432203233213691e-04
-5.021577961387075142e-04
-5.381432203233213691e-04
-5.742331014719227180e-04
-7.196463452244827906e-04
-6.467280592380693707e-04
-6.104278950658557175e-04
-5.381432203233213691e-04
2.738448557875285995e-04
3.085547259684325591e-04
3.431645677048800365e-04
3.085547259684325591e-04
3.776748127745909464e-04
4.806122486415509779e-04
4.415205969361252057e-05
-7.277148831510378340e-04
-9.621576014141842385e-05
-8.000251278099268113e-04
-7.277148831510378340e-04
-6.917156018661169223e-04
-6.917156018661169223e-04
-6.097189195773099890e-05
-1.670099649279136941e-04
-1.315616366266505219e-04
-9.621576014141842385e-05
-2.582959111751241074e-05
-9.621576014141842385e-05
-2.582959111751241074e-05
4.415205969361252057e-05
9.211580799424966113e-06
6.096306823973316781e-04
6.439054717163442175e-04
1.655798360555239953e-03
1.655798360555239953e-03
1.754087319503053882e-03
2.027470270893166372e-03
2.770814091568887371e-03
2.739481285174141453e-03
2.739481285174141453e-03
2.739481285174141453e-03
1.995057022898601151e-03
1.995057022898601151e-03
2.676541624515175414e-03
2.613233895665487919e-03
2.581440995232721271e-03
3.238683437523615441e-03
3.238683437523615441e-03
2.644933970111456364e-03
2.676541624515175414e-03
2.644933970111456364e-03
1.995057022898601151e-03
2.644933970111456364e-03
2.644933970111456364e-03
2.303244326814387916e-03
2.335303337825071247e-03
2.739481285174141453e-03
2.708057262457881208e-03
2.676541624515175414e-03
2.802056078234820349e-03
2.739481285174141453e-03
3.018776227370931469e-03
2.956377958955753830e-03
3.269651281067859679e-03
3.238683437523615441e-03
3.176473698722211570e-03
3.176473698722211570e-03
2.925041585154742989e-03
3.018776227370931469e-03
2.303244326814387916e-03
2.271091712851848552e-03
2.271091712851848552e-03
3.049838922216095618e-03
3.049838922216095618e-03
3.331314922678786823e-03
3.362011516199949358e-03
3.080811187090823442e-03
3.392618484630539281e-03
2.987622705932651852e-03
2.987622705932651852e-03
3.018776227370931469e-03
2.925041585154742989e-03
2.987622705932651852e-03
2.956377958955753830e-03
2.956377958955753830e-03
2.956377958955753830e-03
3.018776227370931469e-03
2.925041585154742989e-03
2.862092340137098716e-03
2.893613180887624065e-03
2.798771713142948585e-03
2.798771713142948585e-03
2.766971102835829276e-03
2.735076407882560973e-03
2.735076407882560973e-03
2.703087210129566376e-03
2.766971102835829276e-03
2.798771713142948585e-03
2.766971102835829276e-03
2.735076407882560973e-03
2.798771713142948585e-03
2.893613180887624065e-03
2.956377958955753830e-03
3.645689381248228868e-03
3.615274534909998158e-03
3.615274534909998158e-03
2.956377958955753830e-03
3.018776227370931469e-03
3.111693416311845685e-03
3.142486001906681734e-03
3.173189333630228350e-03
3.173189333630228350e-03
3.142486001906681734e-03
3.142486001906681734e-03
3.142486001906681734e-03
3.080811187090823442e-03
3.080811187090823442e-03
3.080811187090823442e-03
3.080811187090823442e-03
3.018776227370931469e-03
3.049838922216095618e-03
3.018776227370931469e-03
3.706251886401686242e-03
3.706251886401686242e-03
3.826319036356575637e-03
3.826319036356575637e-03
3.796433517617803753e-03
3.796433517617803753e-03
3.796433517617803753e-03
3.796433517617803753e-03
3.766460741890147092e-03
3.018776227370931469e-03
3.142486001906681734e-03
3.234329783218579165e-03
3.264767669377215999e-03
3.234329783218579165e-03
3.203803798981335379e-03
3.234329783218579165e-03
3.173189333630228350e-03
3.885829822582534572e-03
3.885829822582534572e-03
4.257501732920328935e-03
4.315592277517374571e-03
4.257501732920328935e-03
4.315592277517374571e-03
4.543028113019511455e-03
4.514145256409229576e-03
4.600541940862926289e-03
4.571826885622327398e-03
4.600541940862926289e-03
4.742874141081739395e-03
4.714572246934104448e-03
4.742874141081739395e-03
4.742874141081739395e-03
4.657722355211594938e-03
4.686188437029299887e-03
3.974451015076341590e-03
3.974451015076341590e-03
3.974451015076341590e-03
3.885829822582534572e-03
3.915455844420911644e-03
3.974451015076341590e-03
3.915455844420911644e-03
3.885829822582534572e-03
4.003820905229543183e-03
4.742874141081739395e-03
4.686188437029299887e-03
4.629173643258256005e-03
4.629173643258256005e-03
3.944996118005317416e-03
3.974451015076341590e-03
3.974451015076341590e-03
4.033106155929591131e-03
3.974451015076341590e-03
4.033106155929591131e-03
4.003820905229543183e-03
4.062307132527036464e-03
4.033106155929591131e-03
3.974451015076341590e-03
3.915455844420911644e-03
3.885829822582534572e-03
3.915455844420911644e-03
3.944996118005317416e-03
3.856117678587385987e-03
3.974451015076341590e-03
4.003820905229543183e-03
4.228329809725222058e-03
4.199072960989517871e-03
4.199072960989517871e-03
4.228329809725222058e-03
4.286589099816187805e-03
3.604390399147526080e-03
4.344511631005288504e-03
4.686188437029299887e-03
4.657722355211594938e-03
5.028855610606871099e-03
5.028855610606871099e-03
5.028855610606871099e-03
4.742874141081739395e-03
4.714572246934104448e-03
4.771094473574506896e-03
3.693843900551739123e-03
4.003820905229543183e-03
3.944996118005317416e-03
3.944996118005317416e-03
4.657722355211594938e-03
4.629173643258256005e-03
4.600541940862926289e-03
4.657722355211594938e-03
5.399988866002279099e-03
4.600541940862926289e-03
4.686188437029299887e-03
4.686188437029299887e-03
4.771094473574506896e-03
4.771094473574506896e-03
5.454693478791998278e-03
5.771122121397686232e-03
5.824754094720814221e-03
4.373347523155575803e-03
5.771122121397686232e-03
5.824754094720814221e-03
6.513388632188370393e-03
6.168573075077263962e-03
6.220980612786130952e-03
6.539169234589321117e-03
6.142255376792962393e-03
6.909765394101378272e-03
6.539169234589321117e-03
6.513388632188370393e-03
6.487533194947491498e-03
6.513388632188370393e-03
7.950451121102923568e-03
9.044873981216972406e-03
9.374094600783334022e-03
8.021553872637286059e-03
7.699087084490522509e-03
8.068613702416686101e-03
8.068613702416686101e-03
8.045117790294101928e-03
7.997921653769737849e-03
6.859205105285418567e-03
7.578238989965219337e-03
7.578238989965219337e-03
8.252567829004643293e-03
8.276001090028184404e-03
7.602548925961139133e-03
6.884521887583645687e-03
7.602548925961139133e-03
8.299366131951219777e-03
6.859205105285418567e-03
6.142255376792962393e-03
6.142255376792962393e-03
6.859205105285418567e-03
6.808350433419716255e-03
6.757198799966478327e-03
6.089390465414138733e-03
6.782811899224635427e-03
6.782811899224635427e-03
6.383356542707003221e-03
6.357121998337795545e-03
5.662920006122140228e-03
5.233955567536170174e-03
5.205999741293551066e-03
4.456125813847618654e-03
4.456125813847618654e-03
4.485177947001575162e-03
3.706251886401686242e-03
3.706251886401686242e-03
3.615274534909998158e-03
3.615274534909998158e-03
3.238683437523615441e-03
3.207624377945367342e-03
3.207624377945367342e-03
3.176473698722211570e-03
3.145230993859079397e-03
2.766971102835829276e-03
2.830478654494953013e-03
2.766971102835829276e-03
2.798771713142948585e-03
2.830478654494953013e-03
2.830478654494953013e-03
3.645689381248228868e-03
3.676015034488425929e-03
3.676015034488425929e-03
3.706251886401686242e-03
3.706251886401686242e-03
3.736400326467113724e-03
3.706251886401686242e-03
3.706251886401686242e-03
3.736400326467113724e-03
4.485177947001575162e-03
4.514145256409229576e-03
3.736400326467113724e-03
3.269651281067859679e-03
3.991865632296514449e-03
2.581440995232721271e-03
2.517575080707254876e-03
3.238683437523615441e-03
3.269651281067859679e-03
3.331314922678786823e-03
3.300528309821517889e-03
3.392618484630539281e-03
3.362011516199949358e-03
3.300528309821517889e-03
3.584770101395647664e-03
3.554175684301608563e-03
3.554175684301608563e-03
3.523490884882463960e-03
3.523490884882463960e-03
3.207624377945367342e-03
3.207624377945367342e-03
3.113895854957755404e-03
3.113895854957755404e-03
3.145230993859079397e-03
3.145230993859079397e-03
3.145230993859079397e-03
3.145230993859079397e-03
3.082467871200427530e-03
3.019331713637144702e-03
3.050946629330789864e-03
3.082467871200427530e-03
3.082467871200427530e-03
2.987622705932642311e-03
2.987622705932642311e-03
2.923920729260203865e-03
2.891926911379944128e-03
2.923920729260203865e-03
2.923920729260203865e-03
2.827651475158869318e-03
2.762989419772144111e-03
2.795368992551996654e-03
3.657493267800828764e-03
3.688344449328357158e-03
3.719103675024073609e-03
3.719103675024073609e-03
3.749771355405219411e-03
3.749771355405219411e-03
3.810833710110704629e-03
3.810833710110704629e-03
2.703087210129566376e-03
2.638823621181364369e-03
2.766971102835829276e-03
3.523490884882463960e-03
3.492715302032814960e-03
3.461848532271154244e-03
3.523490884882463960e-03
3.523490884882463960e-03
4.250354196183203821e-03
4.250354196183203821e-03
4.280010666929098644e-03
4.220609854412742112e-03
4.220609854412742112e-03
4.220609854412742112e-03
4.220609854412742112e-03
4.250354196183203821e-03
4.280010666929098644e-03
4.250354196183203821e-03
4.250354196183203821e-03
4.280010666929098644e-03
4.339061548296342316e-03
4.280010666929098644e-03
4.220609854412742112e-03
4.250354196183203821e-03
4.309579655460269408e-03
3.523490884882463960e-03
3.430890169720747247e-03
3.461848532271154244e-03
3.523490884882463960e-03
3.461848532271154244e-03
3.492715302032814960e-03
3.554175684301608563e-03
3.901750775905714081e-03
3.238683437523615441e-03
3.269651281067859679e-03
3.269651281067859679e-03
3.300528309821517889e-03
3.269651281067859679e-03
3.238683437523615441e-03
3.300528309821517889e-03
3.238683437523615441e-03
3.238683437523615441e-03
3.269651281067859679e-03
3.238683437523615441e-03
3.238683437523615441e-03
3.145230993859079397e-03
3.238683437523615441e-03
3.238683437523615441e-03
3.207624377945367342e-03
3.269651281067859679e-03
3.238683437523615441e-03
3.207624377945367342e-03
3.176473698722211570e-03
3.207624377945367342e-03
3.176473698722211570e-03
3.145230993859079397e-03
3.082467871200427530e-03
3.145230993859079397e-03
3.113895854957755404e-03
3.145230993859079397e-03
3.050946629330789864e-03
3.019331713637144702e-03
2.258315528725448294e-03
2.291059548551009975e-03
2.323706549058840096e-03
2.987622705932642311e-03
3.050946629330789864e-03
3.019331713637144702e-03
2.010451320789059717e-03
2.108910145364198841e-03
2.141536980526886121e-03
2.238845085398190413e-03
2.141536980526886121e-03
2.141536980526886121e-03
2.830478654494953013e-03
2.893613180887624065e-03
2.925041585154742989e-03
2.893613180887624065e-03
2.798771713142948585e-03
2.862092340137098716e-03
2.925041585154742989e-03
2.956377958955753830e-03
2.987622705932651852e-03
2.956377958955753830e-03
2.987622705932651852e-03
2.987622705932651852e-03
2.987622705932651852e-03
2.987622705932651852e-03
2.987622705932651852e-03
2.956377958955753830e-03
2.956377958955753830e-03
2.925041585154742989e-03
2.893613180887624065e-03
2.893613180887624065e-03
2.925041585154742989e-03
2.862092340137098716e-03
2.893613180887624065e-03
2.925041585154742989e-03
2.956377958955753830e-03
2.174068135821060482e-03
2.174068135821060482e-03
2.141536980526886121e-03
2.174068135821060482e-03
2.925041585154742989e-03
2.925041585154742989e-03
2.271091712851848552e-03
2.271091712851848552e-03
2.303244326814387916e-03
2.303244326814387916e-03
2.303244326814387916e-03
2.271091712851848552e-03
2.303244326814387916e-03
2.399142181230960735e-03
2.335303337825071247e-03
2.271091712851848552e-03
2.956377958955753830e-03
2.206504031509821852e-03
2.141536980526886121e-03
2.174068135821060482e-03
2.108910145364198841e-03
2.108910145364198841e-03
2.076187207594258361e-03
2.010451320789059717e-03
2.076187207594258361e-03
2.076187207594258361e-03
2.043367741984288173e-03
1.977437513732306987e-03
2.010451320789059717e-03
2.108910145364198841e-03
2.010451320789059717e-03
2.043367741984288173e-03
2.010451320789059717e-03
1.911116008161187685e-03
1.944325887987978724e-03
1.877807436269532653e-03
1.877807436269532653e-03
1.844399731723709223e-03
1.844399731723709223e-03
2.010451320789059717e-03
2.043367741984288173e-03
2.108910145364198841e-03
2.862092340137098716e-03
2.453332931044538683e-03
2.108910145364198841e-03
2.238845085398190413e-03
2.174068135821060482e-03
2.108910145364198841e-03
2.076187207594258361e-03
