2.443978206391292807e-04
2.480341207603892141e-04
2.742179171883398652e-04
2.742932046382272598e-04
2.759706008939697298e-04
3.057139046806936857e-04
3.351889464585097538e-04
3.214571157182234511e-04
3.218385913689188042e-04
3.439212052456193445e-04
3.458064746759950052e-04
3.549080475911291417e-04
3.568493555154605068e-04
3.573185059800076989e-04
3.317369468713206727e-04
3.341078056979246013e-04
3.260075163580703535e-04
3.539266818386490308e-04
3.506194828102472791e-04
3.524621684964133290e-04
3.611046083196701941e-04
3.457467453074472346e-04
3.418666062289531823e-04
3.495491705829967808e-04
3.573040864162322630e-04
3.754920532918212079e-04
3.970304584657180112e-04
4.075188131434958933e-04
4.092037513356316957e-04
4.146078871573150005e-04
4.289629204578402277e-04
4.404768210350174548e-04
4.307905106597616695e-04
4.463178958656623097e-04
4.391844413851309342e-04
4.559588183003225365e-04
4.555873281617927434e-04
4.704455804941795800e-04
4.885818355418584426e-04
4.826004045803219565e-04
4.662564203996490283e-04
4.752971064775923815e-04
4.873740929981253134e-04
5.000475552397363414e-04
4.907334583415603763e-04
5.194726161075456129e-04
5.185207956349534991e-04
5.337869892478747666e-04
5.323164297223644805e-04
5.398705858790152443e-04
5.387686075796460075e-04
5.364893890271867864e-04
5.226097471662731302e-04
5.362621097339758357e-04
5.330170728257320944e-04
5.477315566298266271e-04
5.479628357066960477e-04
5.673958936983738207e-04
5.816141091966934001e-04
5.893702471719224458e-04
5.900741835710651435e-04
5.993857284531152333e-04
5.947555129691422951e-04
6.074272710047754886e-04
6.250136972056803426e-04
6.391211883388181556e-04
6.530178545940956703e-04
6.527558367131328955e-04
6.834531874818114243e-04
6.976643393146362507e-04
6.762114538731609729e-04
6.796339756817678171e-04
6.766094863253144373e-04
6.892323433924693165e-04
6.782256577002244340e-04
6.895445358509246642e-04
7.051110290258677743e-04
7.059341414689918699e-04
7.196930884050018341e-04
7.379247256464125781e-04
7.432917732146083166e-04
7.619992499481101356e-04
7.654319562105493368e-04
7.757313067696793105e-04
8.067397585030250395e-04
8.075898442562183706e-04
8.017878972975292333e-04
8.003626850296855291e-04
8.166437662341402993e-04
8.230139911513196984e-04
8.200004509449418518e-04
8.217792692753477001e-04
8.324518217599470929e-04
8.676555397427980357e-04
8.781950512894926356e-04
8.964144331188711717e-04
9.124893612735713319e-04
9.203463034134489341e-04
9.307816976491909040e-04
9.461480057046430924e-04
9.619247956101570352e-04
9.814359808526461858e-04
9.865028440615691147e-04
9.928569124040402018e-04
9.960183840494352559e-04
9.957255996331808214e-04
1.006390697924377815e-03
1.013275416272333340e-03
1.017771771731608085e-03
1.024105950304907879e-03
1.036145655082239356e-03
1.031713046142678078e-03
1.043889167640745354e-03
1.062791037815827289e-03
1.076312768488512902e-03
1.085147172942196436e-03
1.104532173671295527e-03
1.108782477339301546e-03
1.126514654716023484e-03
1.119674669201195733e-03
1.132342633785757974e-03
1.135098794410808153e-03
1.121714579351085119e-03
1.137295856906578003e-03
1.162762333042863163e-03
1.165414422391310547e-03
1.194372388925015642e-03
1.205148746014646612e-03
1.220721573025014724e-03
1.264270543548239034e-03
1.252858241076299905e-03
1.282074840934762814e-03
1.304549417891278122e-03
1.319367509961984208e-03
1.344203986161811911e-03
1.364411405526327198e-03
1.395803172296616358e-03
1.405090631104635897e-03
1.424634804759297105e-03
1.421321176542772935e-03
1.423641227783664772e-03
1.440070404710931326e-03
1.447823062495922058e-03
1.459758738156753622e-03
1.509232931935963187e-03
1.533303938971323837e-03
1.575210173121566193e-03
1.576705996530840563e-03
1.599360207766215881e-03
1.628644224400724186e-03
1.649413984038612712e-03
1.656426277535676421e-03
1.683792110487415368e-03
1.710486147082189304e-03
1.734443674585484487e-03
1.733755510997194663e-03
1.764103247548495313e-03
1.773601692918205536e-03
1.801488185861043747e-03
1.812636968721171487e-03
1.826374257650795413e-03
1.852408950456743524e-03
1.882497944070313581e-03
1.888630443665628190e-03
1.910167740656065066e-03
1.923262290604589456e-03
1.947071780243922294e-03
1.950312397683708716e-03
1.971731964118882390e-03
1.990067912986315767e-03
2.028331505734219230e-03
2.032594576135532492e-03
2.056347901395390223e-03
2.105206014608299037e-03
2.139409058256297024e-03
2.153295853643820076e-03
2.196092005381550857e-03
2.222276059699160138e-03
2.262293074167795459e-03
2.297512615821618778e-03
2.291296334897786110e-03
2.308853495672022992e-03
2.356440991449020549e-03
2.386580981704979152e-03
2.400942115008337582e-03
2.404937809105224880e-03
2.447073088593175894e-03
2.479327545199356934e-03
2.519168160060841332e-03
2.531360739435685285e-03
2.555252073775801051e-03
2.571696350727005649e-03
2.607669736970866237e-03
2.612288008131254287e-03
2.629196088412601336e-03
2.668745797044038987e-03
2.704203668228816974e-03
2.749270153734397881e-03
2.756788878074965636e-03
2.794702679330540642e-03
2.833763778438976467e-03
2.864657565736350615e-03
2.913900283707996416e-03
2.930057922347782586e-03
2.972066665742546365e-03
3.013151005666280316e-03
3.043460773026954950e-03
3.068181144694852140e-03
3.111566611106702639e-03
3.146745714704331578e-03
3.174388506726183359e-03
3.191028278503242870e-03
3.218122786497774803e-03
3.243174946343552276e-03
3.298173628692762510e-03
3.365619248846435027e-03
3.406180157927611932e-03
3.476616289979944652e-03
3.504413040503037615e-03
3.560278496667861406e-03
3.608704907765365386e-03
3.659098677652520854e-03
3.681739044810725288e-03
3.719247824008428942e-03
3.780369048334666568e-03
3.870959251763107095e-03
3.906303298876648115e-03
3.952460555003934825e-03
4.029902221924243008e-03
4.102491109942281618e-03
4.160792321137683249e-03
4.211467439658837103e-03
4.285092749057447040e-03
4.362669103573481831e-03
4.455962657327255071e-03
4.547710586625538891e-03
4.644464443915491229e-03
4.747293062027350789e-03
4.786749298788803460e-03
4.874419891011192406e-03
4.999391777284230634e-03
5.108704251950279586e-03
5.175005276371660683e-03
5.216666564997220028e-03
5.354468804364654125e-03
5.484094419071597858e-03
5.529359620360981518e-03
5.568553268466775244e-03
5.583527853082913793e-03
5.648482596922919756e-03
5.646407803966618094e-03
5.538844056469875016e-03
5.429498401627042871e-03
5.330412915552247381e-03
5.218676176781849793e-03
5.155153793908069486e-03
5.041045427026305016e-03
4.938621732091630183e-03
4.812122331017729994e-03
4.691343894625488870e-03
4.600260692099956451e-03
4.536027008665339047e-03
4.456547284761145158e-03
4.326003677779821990e-03
4.264923733669525631e-03
4.258411431064514086e-03
4.163405334567404394e-03
4.077184990464645387e-03
3.986129483454263316e-03
3.918842729241930369e-03
3.872453187123987839e-03
3.807319507471219541e-03
3.724809114739421889e-03
3.692378363469601271e-03
3.634274476452837958e-03
3.568259878666255915e-03
3.541428125921077062e-03
3.524159043297664731e-03
3.474141674695897276e-03
3.415789403262599333e-03
3.348998916387016783e-03
3.310778690430083229e-03
3.279482456331897847e-03
3.220421941880707330e-03
3.193521771002717346e-03
3.182425009670912085e-03
3.104699199623106066e-03
3.063075306076312038e-03
3.032200779115298839e-03
3.001224628015597678e-03
2.983957274020542991e-03
2.955593608035479453e-03
2.912031160253529885e-03
2.888082953242714947e-03
2.848652021552967872e-03
2.841490237848162941e-03
2.814892196087900086e-03
2.774769813621831647e-03
2.734147358349347297e-03
2.685933909009045276e-03
2.665963608990657742e-03
2.666651941755911019e-03
2.647119332100520556e-03
2.609421698185542156e-03
2.583822233028370413e-03
2.573318876803719693e-03
2.537906756466894263e-03
2.481855683231980799e-03
2.445437313945850177e-03
2.427336446324038916e-03
2.415630903036472630e-03
2.404607651020945931e-03
2.376529154163344905e-03
2.350475100039422800e-03
2.318211159389134846e-03
2.316987530348644294e-03
2.301571158536593661e-03
2.264743913731456001e-03
2.244951822756253122e-03
2.217487039278284375e-03
2.156348382034629398e-03
2.154772107610713420e-03
2.150382761546647519e-03
2.130381223553086834e-03
2.109481279654273986e-03
2.099088872340483525e-03
2.075635502500471508e-03
2.053622086815145523e-03
2.033040807827690439e-03
2.016785197963576626e-03
1.997357154662577402e-03
1.981598574486541451e-03
1.944399917547159863e-03
1.913303053272496970e-03
1.896224789212689081e-03
1.894589677026874575e-03
1.872593795373146556e-03
1.845755088326575142e-03
1.831478864438360835e-03
1.815542498516574009e-03
1.783277374565194829e-03
1.763474767917395589e-03
1.767015951435871746e-03
1.748205714171769754e-03
1.730296676871674036e-03
1.728333235288475418e-03
1.715500910727862710e-03
1.693824279080523038e-03
1.677278811822739604e-03
1.682683049350579101e-03
1.661192568690244339e-03
1.629071760536713416e-03
1.600561612258822762e-03
1.577811262931485973e-03
1.562943460574101008e-03
1.544363280207022935e-03
1.527921823072648892e-03
1.529000678834550831e-03
1.509625468093673531e-03
1.494262765891180879e-03
1.478432374743890660e-03
1.466623202301905494e-03
1.447669185955373665e-03
1.444855486421039396e-03
1.449318343891590772e-03
1.440957728412674017e-03
1.433533263212400299e-03
1.417161191340863191e-03
1.391374516637263479e-03
1.380735415752483127e-03
1.362166638464161039e-03
1.362029663691557502e-03
1.335204176366718964e-03
1.301780489565886522e-03
1.276098869836716793e-03
1.267746256878211127e-03
1.238685025141045065e-03
1.256001888439720743e-03
1.235542338067605007e-03
1.221346542860481501e-03
1.200415745064044347e-03
1.191412321186677064e-03
1.172434272662804420e-03
1.162830441127852676e-03
1.143304369044540738e-03
1.129555998018850690e-03
1.129248712630779054e-03
1.128994246559932111e-03
1.122066923633783077e-03
1.123087737167794515e-03
1.102714115773040975e-03
1.096404256296069479e-03
1.093651036759388240e-03
1.078941418607844063e-03
1.070133133312238007e-03
1.045147624186859711e-03
1.018056274508053480e-03
1.032409606336297768e-03
1.029095215879792611e-03
1.017688623404054606e-03
1.001228522704068888e-03
1.017285827016372853e-03
1.002072505863189347e-03
9.804507661087008986e-04
9.658159040102756764e-04
9.528146095575940316e-04
9.474168500537478478e-04
9.421359599865911745e-04
9.387231560058959499e-04
9.274866425591488366e-04
9.102040776925663171e-04
9.187323181363941937e-04
8.989609689338591168e-04
8.983860059455002099e-04
8.765716839628613167e-04
8.531897250425939626e-04
8.357101657971024262e-04
8.256580033103011994e-04
8.235739345410485754e-04
7.954185890929423887e-04
7.994349500956547281e-04
7.939100111828208302e-04
7.665793373164415773e-04
7.503290422361964113e-04
7.336790504975396286e-04
7.168598257808445583e-04
7.077664005607596639e-04
6.957681790451191546e-04
7.060146801818958668e-04
7.047321862252046510e-04
7.074803480739651814e-04
6.776471129707632495e-04
6.740483554681869034e-04
6.808732529812795047e-04
6.598106002875049657e-04
6.432390830289136992e-04
6.355849700410490244e-04
6.378734966768887004e-04
6.195549731572518558e-04
6.076433619369359844e-04
5.895962182174246642e-04
5.818890683708917780e-04
5.785480282398000563e-04
5.744360990109589372e-04
5.545965596977079672e-04
5.460078899221576043e-04
5.398606525135475056e-04
5.443653702493104823e-04
5.398038098415493388e-04
5.394450397935397160e-04
5.368303596104742875e-04
5.295544230717516825e-04
5.297206886758467270e-04
5.301145957844733379e-04
5.018756867406566798e-04
4.937317460910131553e-04
5.034207630647240120e-04
5.101838280282087069e-04
5.079963728048802075e-04
5.074725920626384137e-04
4.887695708731586500e-04
5.089983653608123318e-04
5.174990193284674696e-04
5.296915245974406772e-04
5.166738651433297426e-04
5.042197580864583861e-04
4.692941667117460618e-04
4.338581247995104261e-04
4.303046236199957095e-04
4.285762016836277633e-04
4.229220293367199029e-04
4.034077930514110488e-04
3.846359629411855901e-04
3.901155645322264276e-04
3.815828990766368094e-04
3.736432699701824943e-04
3.631509792459215649e-04
3.371993971616030791e-04
3.189615619362374892e-04
3.188082162023458087e-04
3.092333193756371143e-04
2.985323882207008739e-04
3.019274348575766626e-04
3.111519037506751159e-04
3.070389194026506207e-04
3.052874131481518724e-04
2.854759587867793406e-04
2.707176994034686426e-04
2.775076441783331507e-04
2.749356246428540660e-04
2.739867043003258937e-04
2.744989764803427382e-04
2.637534332335983358e-04
2.727531537653683129e-04
2.725006217088986197e-04
2.741787085257550781e-04
2.470182717022518962e-04
2.300061828450082515e-04
2.327058877923667370e-04
2.401496200529212735e-04
2.310439079407758433e-04
