1.244168750182517622e-06
1.243822775220149777e-06
1.242446005983357261e-06
1.242663480419495882e-06
1.242451007447671535e-06
1.242958876184706446e-06
1.240882244544765659e-06
1.241256818016679068e-06
1.240308984043049378e-06
1.241236931631284233e-06
1.241272375141670849e-06
1.242308468735113809e-06
1.241837367630226856e-06
1.242056202092661467e-06
1.243816062105502280e-06
1.245110968929909114e-06
1.245693935483664826e-06
1.244954368992946870e-06
1.244018917685384737e-06
1.244965910749083060e-06
1.242934239594776581e-06
1.242501640601622709e-06
1.241125634552164355e-06
1.241647108160951820e-06
1.241348246604170574e-06
1.241941426739626682e-06
1.239605106671457684e-06
1.240109113515394472e-06
1.239416254987104278e-06
1.240002636810951480e-06
1.239908523414137786e-06
1.241072757090135771e-06
1.240514560158504329e-06
1.241033837306978807e-06
1.242620592351597152e-06
1.243959668657685816e-06
1.244583990542655958e-06
1.243887540060498243e-06
1.242822064615049447e-06
1.243811674527454036e-06
1.241997518192561956e-06
1.241437311374802144e-06
1.240404888442364399e-06
1.240840368870131692e-06
1.240628060303665510e-06
1.241047897180881405e-06
1.238669567717899735e-06
1.239173558276860912e-06
1.238267818845940919e-06
1.238857213987646788e-06
1.238635706858472571e-06
1.239973313981927873e-06
1.239330015939983665e-06
1.239805918404992338e-06
1.241521739812387894e-06
1.242644407913046262e-06
1.243052719525698843e-06
1.242398297372238605e-06
1.241333062181047312e-06
1.242579950271349417e-06
1.240595481897720296e-06
1.240035275079959637e-06
1.239005394380929347e-06
1.239397686053408621e-06
1.239055837769796161e-06
1.239647645272210019e-06
1.237312863558291237e-06
1.237942300847371295e-06
1.236824890374612852e-06
1.237501934397025979e-06
1.237151731496945670e-06
1.238404053294528877e-06
1.237803103297838132e-06
1.238365629605904072e-06
1.240081399057100784e-06
1.241289564377174798e-06
1.241698230461631096e-06
1.240696906481210891e-06
1.239590288797955948e-06
1.240967014605910668e-06
1.238852052621980566e-06
1.238207522705663180e-06
1.237350406924301717e-06
1.237696761167961156e-06
1.237057619837721600e-06
1.237692078034181467e-06
1.235529966818410998e-06
1.236333612369150174e-06
1.235043073732018053e-06
1.235677441944519762e-06
1.235327034735417376e-06
1.236575602509080308e-06
1.236102321970148087e-06
1.236450875348800473e-06
1.238510422369122122e-06
1.239547331542083310e-06
1.240168664637480852e-06
1.238908859470599182e-06
1.237716089861542670e-06
1.238964649867792138e-06
1.237022264930329799e-06
1.236462354539902147e-06
1.235951798824940591e-06
1.236295465667243944e-06
1.235485056968003936e-06
1.236119515164158447e-06
1.234042257918518755e-06
1.235147750954527817e-06
1.233857158218043406e-06
1.234447325569182454e-06
1.234181954396595595e-06
1.235345425493999973e-06
1.234784681808817821e-06
1.235262878276311540e-06
1.237191747648995599e-06
1.237924411334635371e-06
1.238631544065434311e-06
1.237371618812492388e-06
1.236093493473940680e-06
1.237556812558804419e-06
1.235830199258004598e-06
1.235270288867576946e-06
1.234671700814139538e-06
1.235359822481972343e-06
1.234506866031130282e-06
1.235054488803598063e-06
1.233150221615759768e-06
1.234212412293785437e-06
1.233093386365149379e-06
1.233512102170183518e-06
1.233246551024963005e-06
1.234494424529685587e-06
1.233805283658332797e-06
1.234326363826100438e-06
1.236212630006717595e-06
1.237204562374719983e-06
1.238215296645399999e-06
1.236913842422318124e-06
1.235289164078216853e-06
1.236796396832321269e-06
1.235239596490146738e-06
1.234679860399414585e-06
1.234207102119800219e-06
1.234808389570980102e-06
1.234041188065101549e-06
1.234244084564356464e-06
1.232771907956826552e-06
1.234175409743271014e-06
1.233227642639105637e-06
1.233518932241250429e-06
1.232911383376596759e-06
1.234159256881473713e-06
1.233259104311442790e-06
1.233953217914092947e-06
1.235840262652844111e-06
1.236917502228300716e-06
1.237798422438615921e-06
1.236539280064360861e-06
1.234786133326035484e-06
1.236294858695587805e-06
1.234825705481346785e-06
1.234436294933520025e-06
1.234007385521816937e-06
1.234993128515067064e-06
1.234397445776584302e-06
1.234729031738445836e-06
1.233128188625229611e-06
1.234531403385607817e-06
1.233585780303627233e-06
1.234005731500562480e-06
1.233226137068792577e-06
1.234687397104510453e-06
1.233527209920414425e-06
1.234349573313462037e-06
1.236537239742074154e-06
1.237744255129889056e-06
1.238497051814077094e-06
1.236977855783121774e-06
1.235611773852190224e-06
1.237203113157571161e-06
1.235861843924366703e-06
1.235388971082971297e-06
1.234742975306238776e-06
1.235899407855748455e-06
1.235176141648776843e-06
1.235509619113624942e-06
1.233908103258230081e-06
1.235437990368211169e-06
1.234111248087944154e-06
1.234573794012790642e-06
1.233752097417039983e-06
1.235126754587530534e-06
1.233880671776065172e-06
1.234789269136487663e-06
1.236848542758003504e-06
1.238139624671923080e-06
1.238893169173748063e-06
1.237245903081251376e-06
1.236179585911084810e-06
1.237514974364767657e-06
1.236475575589137839e-06
1.236087854433346394e-06
1.235616395005243711e-06
1.236643828592610406e-06
1.235791247231219878e-06
1.236168344012956069e-06
1.234609874712752849e-06
1.236316189759720462e-06
1.235034009717560414e-06
1.235625590313952707e-06
1.234932130092428346e-06
1.236264419441522829e-06
1.235147229044089493e-06
1.235669149837407777e-06
1.237771141686412268e-06
1.238974714809594604e-06
1.239771239812339257e-06
1.238209241676663090e-06
1.237228040165685209e-06
1.238479918019910016e-06
1.237612726470121727e-06
1.237310656597941631e-06
1.236711581511479289e-06
1.237823530475242495e-06
1.237057077195662095e-06
1.237518887720858303e-06
1.235874853121745994e-06
1.237579387365706787e-06
1.236254702856304708e-06
1.236890034530625720e-06
1.236324422461430723e-06
1.237743417524329566e-06
1.236713032672075117e-06
1.237064957314497427e-06
1.239078403119066818e-06
1.240239648567596183e-06
1.241079461612751042e-06
1.239519399634477773e-06
1.238579887586028934e-06
1.240088396011815091e-06
1.239003432623076456e-06
1.238701362750897419e-06
1.237928091311736902e-06
1.239039446470662392e-06
1.238271177829943016e-06
1.238604356184985232e-06
1.236960488043955719e-06
1.238967534949177376e-06
1.237640628274620587e-06
1.238532793229280312e-06
1.238009410429298198e-06
1.239470652260462846e-06
1.238569080802794485e-06
1.238790431278030113e-06
1.240845211055752174e-06
1.242219793945323768e-06
1.243146236470747893e-06
1.241760350528915611e-06
1.240647299260886338e-06
1.242068602402505360e-06
1.241115101776175997e-06
1.240727803377767368e-06
1.240124261257947594e-06
1.241364441237447220e-06
1.240639406966462303e-06
1.241059888788061919e-06
1.239545999167768478e-06
1.241552097704596185e-06
1.240396885002756714e-06
1.241333977163060605e-06
1.240853166929317322e-06
1.242614109398042392e-06
1.241712376230026947e-06
1.242020333929394081e-06
1.244204128243947636e-06
1.245577735161283123e-06
1.246418855609841847e-06
1.245076913150267617e-06
1.244005808945250620e-06
1.245511792803201086e-06
1.244732483794562549e-06
1.244474122623405287e-06
1.244000242392018177e-06
1.245153748382349501e-06
1.244600023666290613e-06
1.245020441805062755e-06
1.243635793323127369e-06
1.245727302984690127e-06
1.244317014845199315e-06
1.245384303137460838e-06
1.244861073388231482e-06
1.246667558827375762e-06
1.245722347861700439e-06
1.245902755905872667e-06
1.248042971043551127e-06
1.249372590029151640e-06
1.250169149213351837e-06
1.249042792064898853e-06
1.248228005305824651e-06
1.249689855633571558e-06
1.248736923975802925e-06
1.248563354544607081e-06
1.247917681076898758e-06
1.249156471854660486e-06
1.248861365150753391e-06
1.248980407210601188e-06
1.247681167705027567e-06
1.249732251028495744e-06
1.248153100137677038e-06
1.249348623592417313e-06
1.248782436861874697e-06
1.250631544403650598e-06
1.249776128281847561e-06
1.250086413201244074e-06
1.252313229136094778e-06
1.253210036340592486e-06
1.254048424572742169e-06
1.252492351838411177e-06
1.251634679850629156e-06
1.252925749859499388e-06
1.251885063300441058e-06
1.251753905990377815e-06
1.251108835480197318e-06
1.252394099953053043e-06
1.252142172848497816e-06
1.252217770539720642e-06
1.250831708065516503e-06
1.252628036819324524e-06
1.251006963692073906e-06
1.252375172057640808e-06
1.251512001158059968e-06
1.253362410675266261e-06
1.252678489655903446e-06
1.253031854406456853e-06
1.255129577412298042e-06
1.256239455798621004e-06
1.256863942795917314e-06
1.255395360622393439e-06
1.254537485349521096e-06
1.255828555358390905e-06
1.254743176701218718e-06
1.254569454674340685e-06
1.254051819477782292e-06
1.255164870051166410e-06
1.254915858406084085e-06
1.255079815179712866e-06
1.253868558410142089e-06
1.255538158313973534e-06
1.254088890138175981e-06
1.255500388392519532e-06
1.254381689748073425e-06
1.256274607973251069e-06
1.255504503387881813e-06
1.255987510232832131e-06
1.258215385118050440e-06
1.259239603397406823e-06
1.259776490078207235e-06
1.258266819122202825e-06
1.257195252227238124e-06
1.258445691658973775e-06
1.257446528399108827e-06
1.257315371089505100e-06
1.257056883380323064e-06
1.258213730694393500e-06
1.257965667147466675e-06
1.258216259521478675e-06
1.257092968825919919e-06
1.258502501824049522e-06
1.257052580001748844e-06
1.258507372709876033e-06
1.257389076979778040e-06
1.259324459919194707e-06
1.258856849674572793e-06
1.259426721180485793e-06
1.261611221951705111e-06
1.262334314664883098e-06
1.262997801797533173e-06
1.261488498546025079e-06
1.260501477423044467e-06
1.261707478170485230e-06
1.260708350616178843e-06
1.260620477156142799e-06
1.260104206900371907e-06
1.261217940246495222e-06
1.261228296534093062e-06
1.261521744449722836e-06
1.260438933682125926e-06
1.261594089766861880e-06
1.260099250486787128e-06
1.261511143679916300e-06
1.260223327103428695e-06
1.262200480288289577e-06
1.261860685882177768e-06
1.262432169065421532e-06
1.264573343779890873e-06
1.265343166690928663e-06
1.266003944414946559e-06
1.264536297359075458e-06
1.263418810140686976e-06
1.264625841198578368e-06
1.263668630755882454e-06
1.263708397008138650e-06
1.263108660116380734e-06
1.264136889016815702e-06
1.264490886476560112e-06
1.264697676583244841e-06
1.263917426025472383e-06
1.265072960950237270e-06
1.263451792399330179e-06
1.264606971418136666e-06
1.263489728581547900e-06
1.265595568177556549e-06
1.265257337378110972e-06
1.265873835294938865e-06
1.267714750911704005e-06
1.268397949696115684e-06
1.268973782119149817e-06
1.267376122941428335e-06
1.266043615834473947e-06
1.267376625118594085e-06
1.266678390341504673e-06
1.266718156594218267e-06
1.266033776596281497e-06
1.267063337759888292e-06
1.267330059735867717e-06
1.267406670628546710e-06
1.266411843623707772e-06
1.267742985338384710e-06
1.266205554015999261e-06
1.267059968842726798e-06
1.265987416808801182e-06
1.268049143434574532e-06
1.267753503774862942e-06
1.268369727865907578e-06
1.270469803190910844e-06
1.271152610848367489e-06
1.271596664717024189e-06
1.270170329144831808e-06
1.268837059416539566e-06
1.270298953704193176e-06
1.269814817100642089e-06
1.269811974547618156e-06
1.269167750304411326e-06
1.270109953228432845e-06
1.269947862516361330e-06
1.270024469164578764e-06
1.269116527830917271e-06
1.270367631511761791e-06
1.268873302353608270e-06
1.269727865146977223e-06
1.268696776482925859e-06
1.270759886923976085e-06
1.270294133394857470e-06
1.271039427740893331e-06
1.273181041410829919e-06
1.274252479470826345e-06
1.274784277085147022e-06
1.273572088575903358e-06
1.272240421687710769e-06
1.273831446810393184e-06
1.273433854399337646e-06
1.273386366914264330e-06
1.272652884940658977e-06
1.273423745688606455e-06
1.273091277815154598e-06
1.273124286206416997e-06
1.272389524858153002e-06
1.273682783586834264e-06
1.272361664540739422e-06
1.273603961478802782e-06
1.272230493320624039e-06
1.274380288810582889e-06
1.273958095278067714e-06
1.274659750935513532e-06
1.276714741275811922e-06
1.277657158499505369e-06
1.277851563561655295e-06
1.276812764954820144e-06
1.275695117317334002e-06
1.277072280008244859e-06
1.276589344535588330e-06
1.276455618021023698e-06
1.276063503866144136e-06
1.276704118428155567e-06
1.276671753022364121e-06
1.276749251821055959e-06
1.276143793998434672e-06
1.277480091753594772e-06
1.275989826666870611e-06
1.277145918286467536e-06
1.275856913139283149e-06
1.278089146810976559e-06
1.277752351955186688e-06
1.278538195757887894e-06
1.280548200957928404e-06
1.281704107443821459e-06
1.282114552495194128e-06
1.281205911688396871e-06
1.280086898172742146e-06
1.281464071767211036e-06
1.281108801501745637e-06
1.280932662866047346e-06
1.280325204801438008e-06
1.281007834284377692e-06
1.280845509147936527e-06
1.280879738691650968e-06
1.280490166599624331e-06
1.281735045281891202e-06
1.280287207944194738e-06
1.281354230480229896e-06
1.280235762987338621e-06
1.282553247386771899e-06
1.282087580211661487e-06
1.282700844482432389e-06
1.284625744053356673e-06
1.285954763245469688e-06
1.286494344340191205e-06
1.285629107334764833e-06
1.284639432798601561e-06
1.286187263516805429e-06
1.285705227676150443e-06
1.285529089039383619e-06
1.284876758049771385e-06
1.285645100601537535e-06
1.285652645752626983e-06
1.285426223576730917e-06
1.284949457453912797e-06
1.286409784196610958e-06
1.285175403081087124e-06
1.286157603804246677e-06
1.285038187857941791e-06
1.287528936622125259e-06
1.287059255425724724e-06
1.287971603298977011e-06
1.289896502870054819e-06
1.291312276459686989e-06
1.291635937721896610e-06
1.290513820339679396e-06
1.289482218880520159e-06
1.290943828731748329e-06
1.290418950146605402e-06
1.290155865363358118e-06
1.288939922619018700e-06
1.289453702844004465e-06
1.289332269639231986e-06
1.289319807219116672e-06
1.288713281237103204e-06
1.289956418636157128e-06
1.288808497935078910e-06
1.289833139709098669e-06
1.288883997655516394e-06
1.291245469673715077e-06
1.290778952078833017e-06
1.291778411275437112e-06
1.293789868380926272e-06
1.295291019781915216e-06
1.295658250181634252e-06
1.294147544146790296e-06
1.293460321765456200e-06
1.294921342639207063e-06
1.294439462202640612e-06
1.294090584558830163e-06
1.293088113926926290e-06
1.293426370061843063e-06
1.293262220445281125e-06
1.293035304837888487e-06
1.292344557977253732e-06
1.293414078411417676e-06
1.292183275618258126e-06
1.293079813778553820e-06
1.292172017369688291e-06
1.294748550137664034e-06
1.294325192624868222e-06
1.295451831728264311e-06
1.297419158312750077e-06
1.298875295436564619e-06
1.298984603413417429e-06
1.297602291121682025e-06
1.297086386588319011e-06
1.298419018355406224e-06
1.297982463689291187e-06
1.297506142298764731e-06
1.296718091174933788e-06
1.297229785086791010e-06
1.297151009684291977e-06
1.297010715551936242e-06
1.296405119301773939e-06
1.297475318088711142e-06
1.295777203937800513e-06
1.296846761905016084e-06
1.296023760737742577e-06
1.298601340541625833e-06
1.298006149703225885e-06
1.298961457139282098e-06
1.301142493824455926e-06
1.302725978269510890e-06
1.302835795072432942e-06
1.301711643242252434e-06
1.301281161127018830e-06
1.302613803829430140e-06
1.302521361229919159e-06
1.301959124803728115e-06
1.300912391164047688e-06
1.301210822861242779e-06
1.300915126947392938e-06
1.300732236460105901e-06
1.300169067366180157e-06
1.301714402966673712e-06
1.299712737704276514e-06
1.300613350774203387e-06
1.299702629657456100e-06
1.302149420832884013e-06
1.301680911272965965e-06
1.302633208204235739e-06
1.304728393425152469e-06
1.306310583587205643e-06
1.306294470722597397e-06
1.304565812399429017e-06
1.304137226936903857e-06
1.305383212549655043e-06
1.305506022897196003e-06
1.304901177662167080e-06
1.303853775787182500e-06
1.304151911167903621e-06
1.304112458864625416e-06
1.303843124739725795e-06
1.303364151615478666e-06
1.304782335706917354e-06
1.302950919734874988e-06
1.303893908368535406e-06
1.303026168612240402e-06
1.305473015785558983e-06
1.305005162345607108e-06
1.305959015215311702e-06
1.308225505986250127e-06
1.309721104131469293e-06
1.309789260845563074e-06
1.307974598103486656e-06
1.307286946504894358e-06
1.308446555697023456e-06
1.308655575874251672e-06
1.307965176046160651e-06
1.306831167434816960e-06
1.307130112728481913e-06
1.307216974924950565e-06
1.306991050967380530e-06
1.306684586109415174e-06
1.307973752824901336e-06
1.306269292936487974e-06
1.307255805407235280e-06
1.306686063789732090e-06
1.309090321080615756e-06
1.308624095599902515e-06
1.309364663629527321e-06
1.311282183195643333e-06
1.313122189770930102e-06
1.312932247063201300e-06
1.310947405574729781e-06
1.310001742318942974e-06
1.311076853636830105e-06
1.310856164407600547e-06
1.310250599749100506e-06
1.309286479378770985e-06
1.309928505392475582e-06
1.309541373949256447e-06
1.309143174807427600e-06
1.309226540045474896e-06
1.310258977678758341e-06
1.308641337694908983e-06
1.309497917967707489e-06
1.309099412348882787e-06
1.311245316632752347e-06
1.310821291833657508e-06
1.311561289495363016e-06
1.313521509678589428e-06
1.315318330412110466e-06
1.315515873007819201e-06
1.313704602670618837e-06
1.312758945000478357e-06
1.313707024233165810e-06
1.313959655438567945e-06
1.313354090779760219e-06
1.312307428944767173e-06
1.313163536439572886e-06
1.312734110892350913e-06
1.312594003979454364e-06
1.312893722399499544e-06
1.313795782332276597e-06
1.312179838134764672e-06
1.313079357064043473e-06
1.312553876956308577e-06
1.314529870200119803e-06
1.314061726034496810e-06
1.314974024669948759e-06
1.316762967051989039e-06
1.318342691683751576e-06
1.318756740346953342e-06
1.316904123994290122e-06
1.315916425807837076e-06
1.316865227580865770e-06
1.317159437561574790e-06
1.316724480704172264e-06
1.315851325365284979e-06
1.316618299151608115e-06
1.316232130115862327e-06
1.316048736136609847e-06
1.316479940672162665e-06
1.317209848956244087e-06
1.315680662831383066e-06
1.316536200706154469e-06
1.315969579490191578e-06
1.317860124680254592e-06
1.317520965930551893e-06
1.318432839590730898e-06
1.320007623826396134e-06
1.321806341192322236e-06
1.322177654196912355e-06
1.320108104395155095e-06
1.319205578615654375e-06
1.319980624254381655e-06
1.320487976172714363e-06
1.320309170903209339e-06
1.319434925080135856e-06
1.320375787365667338e-06
1.319643553602879672e-06
1.319548240044769399e-06
1.320195263695041724e-06
1.321229028474708393e-06
1.319615944076166114e-06
1.320340188534427997e-06
1.319945518860116223e-06
1.321923063742345725e-06
1.321454562434314128e-06
1.322236290983054317e-06
1.323552636083901416e-06
1.325437689201848875e-06
1.325937670425230172e-06
1.324083352372992141e-06
1.322969392770494003e-06
1.323486649125551533e-06
1.324424383172632952e-06
1.324288862154741494e-06
1.323372976127630838e-06
1.324401377190563983e-06
1.323666366607426060e-06
1.324002823686045780e-06
1.324564013064539459e-06
1.325596813066443638e-06
1.323981959407672339e-06
1.324618935663204947e-06
1.324396035597354413e-06
1.326332526966325412e-06
1.325949690995622562e-06
1.326559896947402257e-06
1.327962970160893658e-06
1.330065670524166395e-06
1.330868960496531446e-06
1.329100218661534697e-06
1.327815049637515617e-06
1.328158091696787262e-06
1.329394379322213210e-06
1.329216271316601605e-06
1.328045398332125396e-06
1.328904601242298389e-06
1.328084541696511142e-06
1.328204529323099089e-06
1.329023761489363130e-06
1.330056778292187719e-06
1.328653254689593584e-06
1.328990367401665563e-06
1.328596992555200629e-06
1.330791801366964784e-06
1.330366001420653734e-06
1.331148304192044545e-06
1.332765471299866575e-06
1.334697537348400711e-06
1.335671060389986703e-06
1.333775111794383149e-06
1.332402715806117810e-06
1.332529919216930173e-06
1.333767221215392474e-06
1.333803557717775856e-06
1.332763007569497447e-06
1.333923822210555520e-06
1.333359722106915907e-06
1.333565748443400656e-06
1.334300176681280756e-06
1.335505172434869344e-06
1.334228975087739105e-06
1.334522540918670670e-06
1.334215116006398127e-06
1.336539111990962195e-06
1.336113533723311155e-06
1.336854676976579627e-06
1.338385277954305252e-06
1.340273457406044159e-06
1.341504788915070015e-06
1.339822544423848199e-06
1.338450148435278352e-06
1.338663199942151367e-06
1.340031625807919223e-06
1.339854429272341258e-06
1.338598153020294227e-06
1.339712668480096435e-06
1.339618838241065783e-06
1.339867798464644105e-06
1.340818578276211080e-06
1.341935672423911437e-06
1.340575064478045377e-06
1.340698552275902106e-06
1.340092765773985463e-06
1.342372960335108905e-06
1.342120824005569005e-06
1.343034837150903313e-06
1.344736635394686892e-06
1.346624525561585889e-06
1.347985795235249725e-06
1.346215640418939856e-06
1.345013827186098337e-06
1.345270216200157503e-06
1.346594404770086758e-06
1.346416522320006869e-06
1.345116445073479776e-06
1.345887541470134113e-06
1.345922146893407340e-06
1.346345562906185735e-06
1.347468012929091828e-06
1.348627361901387405e-06
1.346923456847938779e-06
1.347176296624677039e-06
1.346485896663574740e-06
1.348766798095683758e-06
1.348644805069089828e-06
1.349430793581879393e-06
1.351262628345746192e-06
1.353408491404063329e-06
1.354941879412298073e-06
1.352957813374323732e-06
1.351842257874992018e-06
1.351969406472980781e-06
1.353164895662080177e-06
1.352815689256193419e-06
1.351947311736345136e-06
1.352719795905924081e-06
1.352971064356711481e-06
1.353351774228306728e-06
1.354473470508855486e-06
1.355378404166627248e-06
1.353716502880545374e-06
1.353925631288273034e-06
1.353105065253425127e-06
1.355385286211723471e-06
1.355221800018611484e-06
1.355877111213777872e-06
1.357707890788394519e-06
1.359598316279252897e-06
1.360962220637222395e-06
1.359151668336679774e-06
1.358338819030286381e-06
1.358466412628406248e-06
1.359832665619029572e-06
1.359483459213753736e-06
1.358614746054721635e-06
1.359817413787029182e-06
1.359852771055618497e-06
1.360449509159233143e-06
1.361530479358856447e-06
1.362390265583964651e-06
1.360730437016534857e-06
1.360940451584127742e-06
1.360205097465454005e-06
1.362400220393373987e-06
1.362152037191082621e-06
1.362807659673008589e-06
1.364723938800769542e-06
1.366655467640616846e-06
1.367931488151026549e-06
1.366425102109459693e-06
1.365313153215140906e-06
1.365183490067631882e-06
1.366506089216629020e-06
1.366156882811354666e-06
1.365461742942815663e-06
1.366665349594181924e-06
1.366830413428929312e-06
1.367384533349334319e-06
1.368248948588645317e-06
1.369108671595272261e-06
1.367278529178723273e-06
1.367317914054639760e-06
1.366540958984900358e-06
1.368650818540674702e-06
1.368403068773771383e-06
1.368714653105495435e-06
1.370458690259719059e-06
1.372343805003579724e-06
1.373578566321391016e-06
1.372029727060418331e-06
1.371003056178981400e-06
1.370830339059078761e-06
1.372280221913017990e-06
1.372016178580957855e-06
1.371106155418476497e-06
1.372308459171779611e-06
1.372346181266807643e-06
1.372899463949166780e-06
1.373549498399994415e-06
1.374147692785714219e-06
1.372318214368528765e-06
1.372312611364091692e-06
1.371577819296338110e-06
1.373471629318857251e-06
1.373309853614224145e-06
1.373664008899653136e-06
1.375408023895186751e-06
1.377509108986811328e-06
1.379084727523335316e-06
1.377361467853784668e-06
1.376505272155226765e-06
1.376244104427471858e-06
1.377821754152860537e-06
1.377515113398870803e-06
1.376777166485489071e-06
1.377466676840206680e-06
1.377418391468387245e-06
1.377927784547386743e-06
1.378234033836509508e-06
1.378787353655770162e-06
1.376870953999991516e-06
1.376825833418504262e-06
1.376133197921823500e-06
1.377854922119943605e-06
1.377605907822404076e-06
1.377959495101679006e-06
1.379621192325226239e-06
1.381940167393099913e-06
1.383300790741989069e-06
1.381318932269017744e-06
1.380337065031509869e-06
1.380118085790985400e-06
1.381867943877730190e-06
1.381475750331146626e-06
1.380650432049274815e-06
1.381121772589678918e-06
1.380986805218599177e-06
1.381540720675874839e-06
1.381762684986371986e-06
1.382575351069103654e-06
1.380743616367978643e-06
1.380567945346790790e-06
1.379872223154898025e-06
1.381593226649688486e-06
1.381344272359879198e-06
1.381740150129391693e-06
1.383401039260316541e-06
1.385808628792780162e-06
1.387169371563090345e-06
1.385273841402347399e-06
1.384464978540070592e-06
1.383988897152369861e-06
1.385565866848148461e-06
1.385130543615711664e-06
1.384222105087371080e-06
1.384693684469600800e-06
1.384515441161289941e-06
1.384982658097097992e-06
1.385244217307477704e-06
1.386227841298715535e-06
1.384441167384130685e-06
1.384223146257385063e-06
1.383654658624928456e-06
1.385330801113435418e-06
1.385125004309379153e-06
1.385650620164078483e-06
1.387138328029412308e-06
1.389198221113115934e-06
1.390774797857199079e-06
1.388921290698939500e-06
1.388069493504058588e-06
1.387508129902183478e-06
1.389171744236865317e-06
1.388736421003971546e-06
1.388129624690445132e-06
1.388211174741314750e-06
1.387950081245389640e-06
1.388245328974293295e-06
1.388895421705646170e-06
1.389792404846436204e-06
1.387795071912117781e-06
1.387532877383215273e-06
1.387009825733794361e-06
1.388854991622953609e-06
1.388391586478647826e-06
1.388959180466392125e-06
1.390530751354884699e-06
1.392807320841028869e-06
1.393953161859538902e-06
1.391882947145614748e-06
1.390944921887885661e-06
1.390386057957027152e-06
1.391748686192867023e-06
1.391101052805364975e-06
1.390540316867468667e-06
1.390752650244930655e-06
1.390749152257737174e-06
1.391045290747096049e-06
1.391651974690536210e-06
1.392719351774370035e-06
1.390723108318281577e-06
1.390418098171586073e-06
1.390365453075965301e-06
1.392081861914009890e-06
1.391573661973072937e-06
1.392183930100491067e-06
1.393842387609060334e-06
1.396417755001621025e-06
1.397735929743356297e-06
1.395836677034365186e-06
1.394725969467799394e-06
1.393995616666147679e-06
1.395315945449271501e-06
1.394838353367859496e-06
1.394489198460477330e-06
1.394830199899142981e-06
1.394999222959804711e-06
1.395123696137998160e-06
1.395644435424883548e-06
1.396796936758371061e-06
1.394757025213698615e-06
1.394538578447028966e-06
1.394655734877265147e-06
1.396371485313458190e-06
1.395687849132684222e-06
1.396466497743599433e-06
1.398038421864421190e-06
1.400831633603857913e-06
1.402193488804975629e-06
1.400208782250174825e-06
1.398798373695050864e-06
1.397941846404301276e-06
1.399346782527889958e-06
1.398826071778064852e-06
1.398349377391465688e-06
1.398863135419048227e-06
1.399035246538251983e-06
1.399075264731507319e-06
1.399637200862206443e-06
1.400786744014437021e-06
1.398914777448471747e-06
1.398525969030151520e-06
1.398685147895191281e-06
1.400185028619406034e-06
1.399501392438785379e-06
1.400194337412287202e-06
1.402025156182708467e-06
1.405120607147515238e-06
1.406869359556192487e-06
1.404841968688327207e-06
1.403519562233228626e-06
1.402364458760169233e-06
1.403378326108953557e-06
1.402858548773140047e-06
1.402727277526717364e-06
1.403068360765331071e-06
1.403109908067213447e-06
1.403106837517528326e-06
1.403755448475971076e-06
1.404817787268872949e-06
1.402777202408769028e-06
1.402174205715214949e-06
1.402290630101984886e-06
1.403833394411007089e-06
1.403019887971992528e-06
1.403841536477691129e-06
1.405716175006099761e-06
1.408593988247506365e-06
1.410470687572722764e-06
1.408052730335348565e-06
1.406859536011255371e-06
1.405490301375007957e-06
1.406204290608230302e-06
1.405555554824214793e-06
1.405296393642422672e-06
1.405554660261802637e-06
1.405638980085165018e-06
1.405549122314162430e-06
1.406497072665140425e-06
1.407302582275320335e-06
1.405517466032104423e-06
1.404783492879328750e-06
1.404941998972336200e-06
1.406442629053281278e-06
1.405544629099976074e-06
1.406197201916136532e-06
1.408159251872251461e-06
1.410997429920364414e-06
1.412656838280329117e-06
1.410369031752146703e-06
1.409089889596310819e-06
1.407936339538806023e-06
1.408349899127112526e-06
1.407957980055495634e-06
1.407957846438563681e-06
1.408128621836815689e-06
1.407438298053832837e-06
1.407606957753857856e-06
1.408684662727840809e-06
1.409406744122078531e-06
1.407321699038205527e-06
1.406630931084971889e-06
1.407089431536106352e-06
1.408678662334505013e-06
1.407909978614153612e-06
1.408603220164034476e-06
1.410437901901854222e-06
1.413101541653576180e-06
1.414803149991685506e-06
1.412340863305167032e-06
1.410761691655248973e-06
1.409565921857747241e-06
1.410195070000610471e-06
1.409888029391010027e-06
1.409890672209936782e-06
1.410146866450977306e-06
1.409369952686050376e-06
1.409494986887429681e-06
1.410527507151086989e-06
1.411422627299740577e-06
1.409464013172012296e-06
1.408686509350897413e-06
1.409401882615988252e-06
1.410815284928624106e-06
1.409829989217447842e-06
1.410435652557512030e-06
1.412270334295636072e-06
1.415064682426756173e-06
1.416597176415553139e-06
1.414176422338674655e-06
1.412641168267415161e-06
1.411531492539995204e-06
1.412462492979242214e-06
1.412155452369488881e-06
1.412157272344516058e-06
1.412283102422006764e-06
1.411333874613206534e-06
1.411458222149073798e-06
1.412534083603249557e-06
1.413559903100427434e-06
1.411685640821384125e-06
1.411119051783234318e-06
1.412047561421192045e-06
1.413375658313545862e-06
1.412433043896894736e-06
1.413167654908511718e-06
1.414958339556389654e-06
1.418011558116514057e-06
1.419760535343251669e-06
1.417682560474216949e-06
1.416149359445393524e-06
1.414995828047517395e-06
1.416098243134028949e-06
1.415791202523971107e-06
1.415879282671057074e-06
1.415873807503687326e-06
1.415007828743719305e-06
1.415174023431521485e-06
1.416034703521933730e-06
1.417019115470687882e-06
1.415014176051660299e-06
1.414364032516194936e-06
1.414906080172945523e-06
1.415509558909216374e-06
1.414653038436925522e-06
1.415433690024184334e-06
1.417524069457496412e-06
1.420274712805491637e-06
1.422023324762364816e-06
1.420072608216475913e-06
1.418494723718326580e-06
1.417255277292869734e-06
1.418272989647956273e-06
1.418007057396752239e-06
1.417663613857204364e-06
1.417486996446161083e-06
1.416706181072915774e-06
1.416871446027247050e-06
1.417517787713630786e-06
1.418506076239557508e-06
1.416500508292859155e-06
1.416022262754282571e-06
1.416691918528738544e-06
1.417206893158881863e-06
1.416650587707922961e-06
1.417473289423581873e-06
1.419477235575850933e-06
1.422183515201970281e-06
1.424059199694648928e-06
1.422281978861846471e-06
1.420834378566732590e-06
1.419595502158958142e-06
1.420613977194138457e-06
