-7.969873376859151239e-04
-4.624700920675303933e-04
-4.974066190250208460e-04
-4.624700920675303933e-04
-4.624700920675303933e-04
-7.969873376859151239e-04
-1.624526668195478709e-04
-9.354286936072068017e-05
-1.279528464490268071e-04
-2.317232485583835147e-04
-2.317232485583835147e-04
-3.013574553982104423e-04
-2.664947201259059415e-04
-1.970426827991190316e-04
-2.317232485583835147e-04
-2.317232485583835147e-04
-1.970426827991190316e-04
-1.970426827991190316e-04
-1.970426827991190316e-04
4.060471603179909624e-04
3.720670259386574859e-04
3.038384929610864617e-04
-3.375983255115186615e-05
-3.375983255115186615e-05
8.428867522926069189e-07
3.535478527016373487e-05
3.535478527016373487e-05
1.383491177098904320e-04
1.725012853858060588e-04
1.383491177098904320e-04
1.725012853858060588e-04
-6.027656603479141601e-04
-5.675540435705578139e-04
-6.380696960667041730e-04
-6.734665150593938500e-04
-6.027656603479141601e-04
-6.027656603479141601e-04
-5.324344833080093143e-04
-5.675540435705578139e-04
-6.027656603479141601e-04
-4.276245456488731280e-04
-3.928696248387054165e-04
-4.276245456488731280e-04
-3.928696248387054165e-04
-4.974066190250208460e-04
-5.324344833080093143e-04
-6.027656603479141601e-04
-5.675540435705578139e-04
-6.380696960667041730e-04
-6.380696960667041730e-04
-6.380696960667041730e-04
-6.027656603479141601e-04
3.720670259386574859e-04
4.399383414660842646e-04
5.074552375912789797e-04
5.074552375912789797e-04
4.737409182187807418e-04
-1.624526668195478709e-04
-1.279528464490268071e-04
-5.922238506068060312e-05
-5.922238506068060312e-05
-5.922238506068060312e-05
2.065643991693579234e-04
-9.354286936072068017e-05
-9.354286936072068017e-05
-9.354286936072068017e-05
-9.354286936072068017e-05
-2.499104487558719240e-05
-2.499104487558719240e-05
4.320558880910517577e-05
4.320558880910517577e-05
4.320558880910517577e-05
4.320558880910517577e-05
7.079069551027493933e-04
7.079069551027493933e-04
6.747149932321043963e-04
7.410130386761871460e-04
6.747149932321043963e-04
6.080720944954875811e-04
6.080720944954875811e-04
6.747149932321043963e-04
7.717157065717889723e-05
4.320558880910517577e-05
4.320558880910517577e-05
4.320558880910517577e-05
9.151498058701822608e-06
9.151498058701822608e-06
1.725012853858060588e-04
2.065643991693579234e-04
2.405388069275504878e-04
3.419332456453440120e-04
2.405388069275504878e-04
-7.265168646168487874e-04
-7.265168646168487874e-04
-6.914189082246579828e-04
-6.914189082246579828e-04
-7.265168646168487874e-04
2.065643991693579234e-04
8.424091897966329637e-04
-3.928696248387054165e-04
-4.276245456488731280e-04
-3.582049765501226011e-04
-4.276245456488731280e-04
-4.624700920675303933e-04
-4.276245456488731280e-04
-4.276245456488731280e-04
-4.624700920675303933e-04
-4.974066190250208460e-04
-5.675540435705578139e-04
-5.675540435705578139e-04
1.725012853858060588e-04
4.399383414660842646e-04
4.399383414660842646e-04
4.060471603179909624e-04
4.399383414660842646e-04
4.737409182187807418e-04
3.720670259386574859e-04
9.790351439856830301e-04
6.751522885639790706e-04
7.087792666070316834e-04
6.751522885639790706e-04
7.423181005399991268e-04
7.423181005399991268e-04
8.091327187277902325e-04
8.424091897966329637e-04
7.087792666070316834e-04
7.423181005399991268e-04
4.399383414660842646e-04
4.060471603179909624e-04
3.720670259386574859e-04
3.379975876581956884e-04
3.720670259386574859e-04
3.720670259386574859e-04
-2.664947201259059415e-04
-2.664947201259059415e-04
1.383491177098904320e-04
1.041075464539100332e-04
6.977622009598277090e-05
3.535478527016373487e-05
6.751522885639790706e-04
6.414368184734447293e-04
6.076325065644899931e-04
6.751522885639790706e-04
7.423181005399991268e-04
6.751522885639790706e-04
7.423181005399991268e-04
4.737409182187807418e-04
5.746204832157029898e-04
5.410816447878615638e-04
5.746204832157029898e-04
7.757691364783777990e-04
1.383491177098904320e-04
8.755988904063651771e-04
8.755988904063651771e-04
7.757691364783777990e-04
7.757691364783777990e-04
8.424091897966329637e-04
8.755988904063651771e-04
9.087021595039741035e-04
1.447430726502845714e-03
1.414859980983895977e-03
1.414859980983895977e-03
1.414859980983895977e-03
1.414859980983895977e-03
1.349461690375665423e-03
1.414859980983895977e-03
1.414859980983895977e-03
1.414859980983895977e-03
1.045491507275525360e-03
1.078589040761887812e-03
1.012306989469882040e-03
1.078589040761887812e-03
1.111599931490552017e-03
1.078589040761887812e-03
1.078589040761887812e-03
1.111599931490552017e-03
4.737409182187807418e-04
1.144524519236799669e-03
1.177363142002105885e-03
1.210116136024749853e-03
1.144524519236799669e-03
1.177363142002105885e-03
5.074552375912789797e-04
5.746204832157029898e-04
5.410816447878615638e-04
5.074552375912789797e-04
-1.970426827991190316e-04
4.320558880910517577e-05
9.151498058701822608e-06
4.320558880910517577e-05
4.320558880910517577e-05
9.151498058701822608e-06
4.320558880910517577e-05
7.079069551027493933e-04
6.747149932321043963e-04
6.080720944954875811e-04
6.080720944954875811e-04
6.414368184733651489e-04
6.414368184733651489e-04
6.414368184733651489e-04
6.747149932321043963e-04
6.747149932321043963e-04
6.414368184733651489e-04
6.080720944954875811e-04
1.242783835792126606e-03
1.275366574051774431e-03
1.307864681822317517e-03
1.372608321396393645e-03
1.437017368517890534e-03
2.037309687690037896e-03
2.037309687690037896e-03
2.068695974714321578e-03
1.974292545171269994e-03
1.974292545171269994e-03
2.640720408520222471e-03
2.671405478752312060e-03
2.671405478752312060e-03
2.732537442733329758e-03
2.793353886900134218e-03
2.702011053983800325e-03
2.702011053983800325e-03
2.369660370836919328e-03
3.004187226339072661e-03
3.004187226339072661e-03
3.669750721512475035e-03
3.699063103424207830e-03
4.002532469099235636e-03
4.031413786571088828e-03
4.335314216685877409e-03
4.640003998567079034e-03
4.583600598674363730e-03
5.919927303827210961e-03
5.866718472878012722e-03
6.149061856674239296e-03
6.149061856674239296e-03
6.871580329494193611e-03
7.565943802775367336e-03
8.211396138315965598e-03
8.858535930942707318e-03
8.949253088947768317e-03
8.926662390421176430e-03
9.238530030867646986e-03
9.238530030867646986e-03
1.024208176772292006e-02
1.097106870038230472e-02
1.095113652761639175e-02
1.226747915330341290e-02
1.258370248705209006e-02
1.261937272650687052e-02
1.197071049540579177e-02
1.197071049540579177e-02
1.163749656373125677e-02
9.992603925659976696e-03
1.028384204806022210e-02
8.351972667479836201e-03
8.351972667479836201e-03
7.663131692553008974e-03
7.638929383637423944e-03
6.383665516837933734e-03
4.835129273872080906e-03
4.448674708766945859e-03
5.110803037513646403e-03
5.468744833788569647e-03
5.414920118740319810e-03
5.387903314809362916e-03
5.083428222888508943e-03
5.055982580799917372e-03
3.484919622015270405e-03
3.425968743629105064e-03
2.793353886900134218e-03
2.462289722526842493e-03
2.431493056073438710e-03
2.400616708723766687e-03
2.400616708723766687e-03
2.400616708723766687e-03
2.131225558153433241e-03
2.162369480832953671e-03
2.037309687690037896e-03
2.068695974714321578e-03
2.005841983578909686e-03
1.910947188368550221e-03
1.340278488405506879e-03
1.974292545171269994e-03
1.974292545171269994e-03
1.942661053607942561e-03
1.910947188368550221e-03
1.340278488405506879e-03
1.275366574051774431e-03
1.275366574051774431e-03
1.242783835792126606e-03
1.242783835792126606e-03
1.210116136024749853e-03
5.074552375912789797e-04
4.737409182187807418e-04
4.399383414660842646e-04
4.399383414660842646e-04
4.060471603179909624e-04
4.399383414660842646e-04
4.060471603179909624e-04
4.060471603179909624e-04
4.399383414660842646e-04
-1.624526668195478709e-04
-1.279528464490268071e-04
8.424091897966329637e-04
8.091327187277902325e-04
7.757691364783777990e-04
7.087792666070316834e-04
6.751522885639790706e-04
6.076325065644899931e-04
6.414368184734447293e-04
4.399383414660842646e-04
5.074552375912789797e-04
4.737409182187807418e-04
4.399383414660842646e-04
4.060471603179909624e-04
5.074552375912789797e-04
4.737409182187807418e-04
4.399383414660842646e-04
4.737409182187807418e-04
5.074552375912789797e-04
5.074552375912789797e-04
1.725012853858060588e-04
4.399383414660842646e-04
4.737409182187807418e-04
4.399383414660842646e-04
6.414368184734447293e-04
6.751522885639790706e-04
6.076325065644899931e-04
6.076325065644899931e-04
5.397559489663479376e-04
6.076325065644899931e-04
-6.845373161572683972e-05
8.428867522926069189e-07
-6.027656603479141601e-04
-5.324344833080093143e-04
-5.324344833080093143e-04
-4.624700920675303933e-04
-6.380696960667041730e-04
-4.974066190250208460e-04
1.383491177098904320e-04
1.041075464539100332e-04
6.977622009598277090e-05
1.041075464539100332e-04
1.383491177098904320e-04
1.383491177098904320e-04
1.725012853858060588e-04
2.405388069275504878e-04
3.082228867988298215e-04
2.405388069275504878e-04
3.082228867988298215e-04
1.110497851104141269e-04
1.785442690596544834e-04
1.785442690596544834e-04
4.425416809622243429e-04
7.410130386761871460e-04
7.410130386761871460e-04
4.425416809622243429e-04
4.090923046667419819e-04
4.425416809622243429e-04
4.759047362866215456e-04
4.759047362866215456e-04
1.785442690596544834e-04
2.121612128026537710e-04
2.456917376671363348e-04
2.456917376671363348e-04
1.110497851104141269e-04
-3.236302495280585787e-04
-2.891450943377759644e-04
-9.538464606314202157e-04
-2.547491633522662533e-04
-1.862235924600795132e-04
-2.547491633522662533e-04
-2.891450943377759644e-04
-2.891450943377759644e-04
-3.582049765501226011e-04
-3.582049765501226011e-04
-3.582049765501226011e-04
-3.236302495280585787e-04
-3.582049765501226011e-04
-3.928696248387054165e-04
-3.582049765501226011e-04
3.419332456453440120e-04
3.082228867988298215e-04
2.744248547174627678e-04
3.755562719559863566e-04
4.425416809622243429e-04
7.410130386761871460e-04
7.079069551027493933e-04
7.079069551027493933e-04
7.410130386761871460e-04
6.080720944954875811e-04
6.080720944954875811e-04
6.747149932321043963e-04
6.747149932321043963e-04
6.747149932321043963e-04
6.414368184733651489e-04
6.080720944954875811e-04
-5.922238506068060312e-05
9.151498058701822608e-06
-5.922238506068060312e-05
-2.499104487558719240e-05
-1.279528464490268071e-04
-1.624526668195478709e-04
-1.624526668195478709e-04
-9.354286936072068017e-05
-5.922238506068060312e-05
-2.499104487558719240e-05
9.151498058701822608e-06
-6.214957774845391095e-04
-6.914189082246579828e-04
-7.617062219371443501e-04
-7.969873376859151239e-04
-7.969873376859151239e-04
-7.617062219371443501e-04
-7.265168646168487874e-04
-6.564119971147007850e-04
-6.564119971147007850e-04
-6.214957774845391095e-04
-5.519340065934418482e-04
-5.519340065934418482e-04
-6.214957774845391095e-04
-6.564119971147007850e-04
-6.914189082246579828e-04
-6.914189082246579828e-04
-6.564119971147007850e-04
-3.236302495280585787e-04
-9.185906313712744343e-04
-2.547491633522662533e-04
-2.547491633522662533e-04
-2.547491633522662533e-04
-3.236302495280585787e-04
-3.236302495280585787e-04
-3.928696248387054165e-04
-4.974066190250208460e-04
6.977622009598277090e-05
-5.324344833080093143e-04
-5.324344833080093143e-04
-5.324344833080093143e-04
-4.974066190250208460e-04
-4.624700920675303933e-04
-4.624700920675303933e-04
-4.624700920675303933e-04
-3.928696248387054165e-04
-3.582049765501226011e-04
-3.582049765501226011e-04
-3.582049765501226011e-04
-2.547491633522662533e-04
-2.204421107415138607e-04
-2.547491633522662533e-04
-2.891450943377759644e-04
-2.204421107415138607e-04
-2.204421107415138607e-04
-2.204421107415138607e-04
-3.236302495280585787e-04
-3.236302495280585787e-04
2.744248547174627678e-04
2.744248547174627678e-04
2.405388069275504878e-04
2.744248547174627678e-04
2.744248547174627678e-04
-2.547491633522662533e-04
4.425416809622243429e-04
5.091818043552631028e-04
5.423732171648059600e-04
5.091818043552631028e-04
4.759047362866215456e-04
7.740335768141522492e-04
7.740335768141522492e-04
7.410130386761871460e-04
1.040257638249630608e-03
1.040257638249630608e-03
9.746507501477821899e-04
9.746507501477821899e-04
1.007496740818746494e-03
1.040257638249630608e-03
1.072933772685750109e-03
1.072933772685750109e-03
1.072933772685750109e-03
1.040257638249630608e-03
3.755562719559863566e-04
-8.834259024452520643e-04
-2.204421107415138607e-04
-1.862235924600795132e-04
-1.862235924600795132e-04
-2.204421107415138607e-04
1.110497851104141269e-04
1.110497851104141269e-04
7.717157065717889723e-05
4.320558880910517577e-05
1.110497851104141269e-04
1.448405719133298477e-04
1.110497851104141269e-04
7.717157065717889723e-05
7.717157065717889723e-05
-2.547491633522662533e-04
-2.891450943377759644e-04
-3.582049765501226011e-04
-3.236302495280585787e-04
-3.928696248387054165e-04
-2.891450943377759644e-04
-1.862235924600795132e-04
