-5.455063393183733848e-04
-5.688091812493545904e-04
-8.796602990846180649e-04
-5.921734272435139881e-04
-5.921734272435139881e-04
-5.921734272435139881e-04
-6.155993203247291838e-04
-6.155993203247291838e-04
-6.155993203247291838e-04
-5.455063393183733848e-04
-5.455063393183733848e-04
-5.688091812493545904e-04
-5.688091812493545904e-04
-5.688091812493545904e-04
-5.688091812493545904e-04
-5.222646597020532246e-04
-5.455063393183733848e-04
-6.155993203247291838e-04
-6.390871048011392179e-04
-5.688091812493545904e-04
-5.222646597020532246e-04
-5.921734272435139881e-04
-6.155993203247291838e-04
-6.155993203247291838e-04
-5.688091812493545904e-04
-5.921734272435139881e-04
-5.455063393183733848e-04
-5.455063393183733848e-04
-4.529041962197410433e-04
-5.222646597020532246e-04
-5.222646597020532246e-04
-5.455063393183733848e-04
-6.155993203247291838e-04
-6.626370262732796590e-04
3.275216437208942671e-05
1.009091918192425635e-05
3.275216437208942671e-05
1.009091918192425635e-05
5.535361735882498744e-05
-5.921734272435139881e-04
-6.390871048011392179e-04
-7.099242691237731950e-04
-6.862493316435987548e-04
-6.155993203247291838e-04
-6.626370262732796590e-04
-6.862493316435987548e-04
-6.862493316435987548e-04
-7.099242691237731950e-04
-7.574630398614090902e-04
-7.813273761705689328e-04
-8.052553507100068805e-04
-8.292472183721395686e-04
-8.292472183721395686e-04
-7.574630398614090902e-04
-7.574630398614090902e-04
-6.626370262732796590e-04
-6.390871048011392179e-04
-6.626370262732796590e-04
-6.155993203247291838e-04
-6.155993203247291838e-04
-5.222646597020532246e-04
-5.222646597020532246e-04
-4.990839019197079642e-04
-4.759638267491220535e-04
-4.069653234048982568e-04
-3.840856113582669551e-04
-3.385044707359666965e-04
-3.385044707359666965e-04
-3.158025796866105721e-04
-3.158025796866105721e-04
-3.612654044147226213e-04
-3.840856113582669551e-04
-3.840856113582669551e-04
-4.069653234048982568e-04
-3.612654044147226213e-04
-3.840856113582669551e-04
-3.840856113582669551e-04
-3.840856113582669551e-04
-4.069653234048982568e-04
-3.840856113582669551e-04
-3.612654044147226213e-04
-3.385044707359666965e-04
-3.158025796866105721e-04
-3.158025796866105721e-04
-3.158025796866105721e-04
-3.385044707359666965e-04
-6.919431201261818818e-04
-3.840856113582669551e-04
-3.612654044147226213e-04
-3.840856113582669551e-04
-3.840856113582669551e-04
-4.069653234048982568e-04
-4.069653234048982568e-04
-4.529041962197410433e-04
-4.529041962197410433e-04
-3.840856113582669551e-04
2.340408226948556829e-04
2.340408226948556829e-04
2.781309599491993629e-04
3.438372734445620726e-04
3.438372734445620726e-04
3.438372734445620726e-04
3.438372734445620726e-04
3.873581434441168009e-04
3.873581434441168009e-04
-2.480488738417495104e-04
-2.931595018263844052e-04
-3.158025796866105721e-04
-2.931595018263844052e-04
3.438372734445620726e-04
3.656258955364836299e-04
3.873581434441168009e-04
3.219920575291424772e-04
3.656258955364836299e-04
3.873581434441168009e-04
3.873581434441168009e-04
3.219920575291424772e-04
3.873581434441168009e-04
3.656258955364836299e-04
3.873581434441168009e-04
3.873581434441168009e-04
3.656258955364836299e-04
3.438372734445620726e-04
3.438372734445620726e-04
6.736572000102069961e-04
6.736572000102069961e-04
6.736572000102069961e-04
7.375757904298864452e-04
7.375757904298864452e-04
7.587720197690965215e-04
4.090342356726355552e-04
4.090342356726355552e-04
6.950185942178591005e-04
6.736572000102069961e-04
6.522403216617557193e-04
3.623319685499109253e-05
6.522403216617557193e-04
6.307677427195378496e-04
6.092392456028736768e-04
5.876546115967266675e-04
1.229959217141652402e-03
1.229959217141652402e-03
1.209129551375527460e-03
1.292123174142339060e-03
1.292123174142339060e-03
1.250734568264437333e-03
1.209129551375527460e-03
1.250734568264437333e-03
1.271455816910340049e-03
1.271455816910340049e-03
1.271455816910340049e-03
1.353803991580727244e-03
1.271455816910340049e-03
1.229959217141652402e-03
1.250734568264437333e-03
1.292123174142339060e-03
1.271455816910340049e-03
1.292123174142339060e-03
1.333297053141379532e-03
1.333297053141379532e-03
1.312736849926864893e-03
1.374257871964486982e-03
1.374257871964486982e-03
1.374257871964486982e-03
1.353803991580727244e-03
1.582274546598351483e-03
1.602564102564131999e-03
1.663116979707024564e-03
1.642985114059360716e-03
1.663116979707024564e-03
1.663116979707024564e-03
1.663116979707024564e-03
1.663116979707024564e-03
1.602564102564131999e-03
1.602564102564131999e-03
1.893904813439477525e-03
1.913814524932147890e-03
1.271455816910340049e-03
1.271455816910340049e-03
1.271455816910340049e-03
1.913814524932147890e-03
1.893904813439477525e-03
1.953478605565140379e-03
1.913814524932147890e-03
1.853929031463593270e-03
1.146312527844377824e-03
1.833862551126837865e-03
1.793571379044983215e-03
1.813743402862926435e-03
1.793571379044983215e-03
1.793571379044983215e-03
1.773346270953954015e-03
1.753067868770339169e-03
1.712350337305220717e-03
1.753067868770339169e-03
1.773346270953954015e-03
1.773346270953954015e-03
2.167140615847823817e-03
2.777127179041001537e-03
2.127725338811109392e-03
3.798495137642095461e-03
4.098309164784192868e-03
4.063787779411580543e-03
4.063787779411580543e-03
3.410118305776715323e-03
4.046458591913266838e-03
4.132649097408339599e-03
4.149751465427906419e-03
4.817182340446454596e-03
4.817182340446454596e-03
4.800957016940710781e-03
4.784688995215333369e-03
4.784688995215333369e-03
4.784688995215333369e-03
4.768378106502419063e-03
4.768378106502419063e-03
4.800957016940710781e-03
4.784688995215333369e-03
4.800957016940710781e-03
4.800957016940710781e-03
4.800957016940710781e-03
4.865603796085047304e-03
4.865603796085047304e-03
5.515189237226397583e-03
5.530417295123130940e-03
5.515189237226397583e-03
5.499921263057208458e-03
5.499921263057208458e-03
5.833199327778076232e-03
5.848031074113860944e-03
5.848031074113860944e-03
5.877578391226546441e-03
5.892294264938529626e-03
5.575863530409047759e-03
5.605964283650133502e-03
5.892294264938529626e-03
6.569188387370188120e-03
6.569188387370188120e-03
7.218454178273951173e-03
7.231404958677772020e-03
7.537442381971168337e-03
7.474188695070192907e-03
7.820621278029982540e-03
7.796031719476713591e-03
7.820621278029982540e-03
7.832867716103636760e-03
7.832867716103636760e-03
8.189671291275466350e-03
8.201387978268992809e-03
8.177923932326577189e-03
7.524857792237381847e-03
6.541523987524371780e-03
5.848031074113860944e-03
5.862824044642231738e-03
5.515189237226397583e-03
5.515189237226397583e-03
5.182347400338816260e-03
5.182347400338816260e-03
5.166643198336222723e-03
5.150897777955788966e-03
5.135110976706836958e-03
5.166643198336222723e-03
5.182347400338816260e-03
5.198010545604030141e-03
5.198010545604030141e-03
5.198010545604030141e-03
5.198010545604030141e-03
5.182347400338816260e-03
5.213632794928721101e-03
4.549687198630895761e-03
4.566134351603108078e-03
4.516663726563771575e-03
3.903054394935397738e-03
4.566134351603108078e-03
4.582538673447789437e-03
4.284971227119915155e-03
3.954722962987301804e-03
3.920322102140322632e-03
3.903054394935397738e-03
3.903054394935397738e-03
3.903054394935397738e-03
3.937544899833543902e-03
3.920322102140322632e-03
3.885741602332952894e-03
3.868383547527862436e-03
3.816036027918572483e-03
3.780908087128167453e-03
3.130187218109724712e-03
3.111720815070096163e-03
3.130187218109724712e-03
3.798495137642095461e-03
3.166974810010662628e-03
2.833696745289676893e-03
2.833696745289676893e-03
2.814889715390808764e-03
2.481174277881475262e-03
2.461879298577353964e-03
2.423136810488685060e-03
1.813743402862926435e-03
2.403688899251324191e-03
2.423136810488685060e-03
2.403688899251324191e-03
2.423136810488685060e-03
2.403688899251324191e-03
2.403688899251324191e-03
2.403688899251324191e-03
2.384189606478449158e-03
2.048269971891775090e-03
2.384189606478449158e-03
2.384189606478449158e-03
2.325381394587962194e-03
2.345036059665869897e-03
2.345036059665869897e-03
2.325381394587962194e-03
2.384189606478449158e-03
2.384189606478449158e-03
2.701002701002739887e-03
2.028274755547536043e-03
2.068212430409606655e-03
2.068212430409606655e-03
1.459417419278738644e-03
1.438752634924858956e-03
1.397259492726052538e-03
1.397259492726052538e-03
1.397259492726052538e-03
1.376430702718546648e-03
1.355546810092331982e-03
1.355546810092331982e-03
9.116896902878733350e-04
9.116896902878733350e-04
9.116896902878733350e-04
9.548582529385627252e-04
6.391004703037580451e-04
7.045914335453179900e-04
7.263065550423791587e-04
-5.688091812493545904e-04
-5.688091812493545904e-04
-5.921734272435139881e-04
-2.113523795521287047e-04
-1.885492221927195593e-04
-2.113523795521287047e-04
-2.113523795521287047e-04
-2.342155452203784137e-04
5.535361735882498744e-05
-1.263035579706345365e-05
1.009091918192425635e-05
3.275216437208942671e-05
3.275216437208942671e-05
1.003780908087166187e-04
1.003780908087166187e-04
1.003780908087166187e-04
7.789551447483179444e-05
7.789551447483179444e-05
7.789551447483179444e-05
7.789551447483179444e-05
5.535361735882498744e-05
7.789551447483179444e-05
-2.342155452203784137e-04
-2.342155452203784137e-04
-2.342155452203784137e-04
-1.885492221927195593e-04
-1.431219898616588272e-04
-1.658058371987221476e-04
-1.885492221927195593e-04
-1.885492221927195593e-04
-1.885492221927195593e-04
-2.342155452203784137e-04
-2.571389563843410968e-04
-3.031674702144652035e-04
-3.262730535457374222e-04
-6.390871048011392179e-04
-6.626370262732796590e-04
-6.862493316435987548e-04
-7.099242691237731950e-04
-3.541189941006749742e-05
-1.263035579706345365e-05
-1.263035579706345365e-05
-1.263035579706345365e-05
-1.263035579706345365e-05
3.018442854468452569e-04
3.241791321261443498e-04
3.686717989587634005e-04
3.018442854468452569e-04
3.018442854468452569e-04
3.018442854468452569e-04
3.018442854468452569e-04
3.018442854468452569e-04
3.018442854468452569e-04
2.569963885244366938e-04
2.344828637044723586e-04
3.241791321261443498e-04
3.241791321261443498e-04
2.794501164656091187e-04
-5.825395177092766805e-05
-3.541189941006749742e-05
-3.541189941006749742e-05
-5.825395177092766805e-05
-5.825395177092766805e-05
-5.825395177092766805e-05
-1.263035579706345365e-05
-5.825395177092766805e-05
-3.541189941006749742e-05
-3.541189941006749742e-05
-1.263035579706345365e-05
-1.263035579706345365e-05
5.535361735882498744e-05
1.009091918192425635e-05
3.275216437208942671e-05
7.045914335453179900e-04
1.418033397911285269e-03
1.418033397911285269e-03
1.438752634924858956e-03
1.418033397911285269e-03
1.418033397911285269e-03
1.376430702718546648e-03
1.418033397911285269e-03
1.459417419278738644e-03
1.438752634924858956e-03
1.376430702718546648e-03
1.376430702718546648e-03
1.376430702718546648e-03
1.376430702718546648e-03
1.334607595896007042e-03
1.334607595896007042e-03
1.313612840017463600e-03
1.313612840017463600e-03
1.313612840017463600e-03
1.186465454817315582e-03
1.165075644812750728e-03
1.250293103579633996e-03
1.271455816910402716e-03
1.271455816910402716e-03
1.207798149174458971e-03
1.207798149174458971e-03
1.207798149174458971e-03
1.207798149174458971e-03
1.229073956346649890e-03
1.229073956346649890e-03
1.271455816910402716e-03
1.271455816910402716e-03
1.271455816910402716e-03
1.292562321174979545e-03
6.391004703037580451e-04
6.828188646371281378e-04
6.828188646371281378e-04
6.828188646371281378e-04
6.609886200494717763e-04
7.045914335453179900e-04
4.129299853338856945e-04
4.129299853338856945e-04
4.569555399802419896e-04
4.129299853338856945e-04
4.569555399802419896e-04
7.911094997463678953e-04
7.695653628667877737e-04
8.125970903350442131e-04
5.007502922431311719e-04
5.225616839133858304e-04
1.897198470259226042e-04
1.897198470259226042e-04
1.674722275222637231e-04
1.674722275222637231e-04
1.897198470259226042e-04
1.897198470259226042e-04
4.349717268376927684e-04
5.007502922431311719e-04
5.225616839133858304e-04
4.569555399802419896e-04
4.129299853338856945e-04
4.349717268376927684e-04
4.569555399802419896e-04
4.788816528258291595e-04
-1.204974467007582332e-04
-1.658058371987221476e-04
-1.658058371987221476e-04
-1.431219898616588272e-04
1.897198470259226042e-04
1.451662153164955213e-04
1.451662153164955213e-04
1.003780908087166187e-04
7.695653628667877737e-04
8.340283569641170156e-04
8.340283569641170156e-04
7.695653628667877737e-04
7.695653628667877737e-04
7.695653628667877737e-04
8.340283569641170156e-04
8.125970903350442131e-04
7.911094997463678953e-04
7.911094997463678953e-04
1.061783023884215957e-03
1.082998927052112540e-03
1.146312527844377824e-03
1.125263459512612684e-03
1.167306421684984573e-03
1.418033397911285269e-03
1.376430702718546648e-03
1.397259492726052538e-03
1.418033397911285269e-03
1.397259492726052538e-03
1.418033397911285269e-03
