3.937439756180412167e-05
4.353521228457694339e-05
4.881583570811058923e-05
5.067623190731061636e-05
4.072179361441666083e-05
3.731675659085775403e-05
2.893900437192294754e-05
2.994447793771636720e-05
3.708240037967100835e-05
4.191189545635363772e-05
5.101596952290313462e-05
2.555165759828014705e-05
2.582307107880115981e-05
2.377948689244220733e-05
2.793866306517492587e-05
3.876672370082029400e-05
3.458942139303441618e-05
2.258962833296194436e-05
2.216545055544783490e-05
2.592836221770305626e-05
3.922464860053294442e-05
2.807178824970228893e-05
2.186925577929889483e-05
2.276892028292996288e-05
2.666830741330771331e-05
1.793420606436193224e-05
1.228957751607250963e-05
2.160850662797176309e-05
2.925273628618595169e-05
2.798950030569481774e-05
1.460991782983449248e-05
-7.383980478726874192e-06
-9.574795409878833076e-06
-4.307108998026679471e-06
-2.966612898857486701e-06
2.933251163568225933e-07
-5.882004273527349489e-06
-2.548669843214394361e-05
-2.732921236329246699e-05
-3.204027807045176752e-05
-3.222290662419680275e-05
-3.688539694903693057e-05
-4.819570284926589094e-05
-2.745583650791272984e-05
-2.803987718829507460e-05
-1.738464598867091608e-05
-2.393761309550613428e-05
-1.602192077447794940e-05
-2.116365895009911797e-06
7.884730981174761235e-06
3.895106760274725126e-06
-4.855418422013656120e-06
-6.653209629934807777e-06
-1.894379404972516408e-05
-1.656182308199151279e-05
-2.808874233574834518e-05
-2.414375281926706444e-05
-2.555807644521465184e-05
-3.259282790335839996e-05
-1.382772242646008247e-05
-6.140651037003777424e-06
-9.552758895346166179e-06
-5.926094410313750054e-06
1.478093510143327553e-06
-8.444637263732136074e-06
2.099733181114642912e-06
6.151707524403204291e-06
-1.667314753012480768e-06
-4.107531259920762986e-06
-2.544625021125319987e-06
8.693052495338909723e-06
6.584562402672364813e-06
5.812310753034717091e-06
1.199172057410041087e-05
2.193750954086928610e-05
9.486361505611068989e-06
6.082655225385551514e-06
7.241903047114494084e-06
1.299145477254272862e-05
1.059952881478999844e-05
3.177230747440516437e-08
-4.431883680189985215e-06
-4.911561835398220107e-06
-5.205935647635460873e-06
9.363208330726407119e-07
1.964853103426427145e-06
-6.122456579632458720e-06
-1.848061141832776729e-05
-1.868216183578546994e-05
-2.559460743992766552e-05
-9.248460372777968718e-06
-1.425830304008684750e-05
-6.589838644574724551e-06
-1.703587964605803942e-06
1.206607005297010956e-06
-1.392128487777529276e-05
6.551304529611994941e-06
2.396075671414656178e-05
1.062498279505518364e-05
9.973331306112233279e-06
-6.431590140957473113e-06
-1.474511639946855359e-05
-1.465277116889138205e-05
-9.076091091795135442e-06
7.523925747584271878e-06
1.882631827615235357e-05
8.106452243029022627e-06
1.338554063900313628e-05
1.002564980764612195e-05
3.113885851616300557e-05
4.716004431778956650e-05
3.702013548084282722e-05
3.554618717234650499e-05
5.120191846475345042e-05
4.279555282556131532e-05
2.792482742343266943e-05
4.185956959632657363e-05
3.613640072790032649e-05
4.000936826459904142e-05
2.956053862360355180e-05
9.086815377785923922e-06
1.890550888473469448e-05
2.775820468700651475e-05
2.752150174303585821e-05
3.713049644323797771e-05
3.598394911665089759e-05
4.643252066549063327e-05
5.175864170725811300e-05
6.197607417757325420e-05
7.590889803956808919e-05
8.886526671235033599e-05
9.564453134773346612e-05
8.471269079151746485e-05
9.767203278326946252e-05
1.005426467578403722e-04
9.737720054410589805e-05
1.122672631248631940e-04
1.179723627223471275e-04
1.185945311728458439e-04
1.151837737258615225e-04
1.261133755464139165e-04
1.430849999347265464e-04
1.585224654394714130e-04
1.654831628815556157e-04
1.790072282630984074e-04
1.526874645221655352e-04
1.665378851516338145e-04
1.782813902999305818e-04
1.775539727788116580e-04
1.781530621776540439e-04
1.919769135229548252e-04
1.992084738140841938e-04
1.970264831180013813e-04
2.090320895074588995e-04
2.248962184555421313e-04
2.271797329652085889e-04
2.310097435640702979e-04
2.559526475611414195e-04
2.583186874279061050e-04
2.702212271128028617e-04
2.720667224465714859e-04
2.926351502794371888e-04
3.180977021631901545e-04
3.268572823831985890e-04
3.388603550376688249e-04
3.425765434371795147e-04
3.616522780705518406e-04
3.628091827743667834e-04
3.807112560384817517e-04
3.827282147413333703e-04
4.087387181005563562e-04
4.193211543709400276e-04
4.250451174976182232e-04
4.502495214646416006e-04
5.006170747745857961e-04
5.312806308940613538e-04
5.664509561439830254e-04
5.936703022759628589e-04
6.091963570439296862e-04
6.292965627326745862e-04
6.550928577558369752e-04
6.944448354858313507e-04
7.174784746609787255e-04
7.404342564080833430e-04
7.801848526250683771e-04
7.960179624035309924e-04
8.237118496728905058e-04
8.563419092366776402e-04
8.807824820503688985e-04
9.119030508776966278e-04
9.781055680319191911e-04
1.028256204909725651e-03
1.051355348537009928e-03
1.097071282290147881e-03
1.151121207471130729e-03
1.229692616072958818e-03
1.280212495730818998e-03
1.348022186226454332e-03
1.374626775608364529e-03
1.445819457899657308e-03
1.501282644860352017e-03
1.565430641491064945e-03
1.631857632766328930e-03
1.679045588919047963e-03
1.762892582201976577e-03
1.859892697477313894e-03
1.928444004901869570e-03
1.980806175483746778e-03
2.062403378548375351e-03
2.133264769331395631e-03
2.240840342569234284e-03
2.331952213670857033e-03
2.423595700151103070e-03
2.527342180783596123e-03
2.631939975621372992e-03
2.746677280747825915e-03
2.865512361761521961e-03
3.009027975810033961e-03
3.100234714738582878e-03
3.234579649759923396e-03
3.373293095650508645e-03
3.504016812786838256e-03
3.644593894500975685e-03
3.776761325032797125e-03
3.962419214905880428e-03
4.153517933886199942e-03
4.312435302230318776e-03
4.479008075151272826e-03
4.699919653531763747e-03
4.858597179072906766e-03
5.088496383536120042e-03
5.328680667738144860e-03
5.541659825094152718e-03
5.775984908460801009e-03
6.005793216872816302e-03
6.282105396337299419e-03
6.548169991867968352e-03
6.826537659434032262e-03
7.063588099766700094e-03
7.358708408590966012e-03
7.660425435711295389e-03
7.938331572550184206e-03
8.239385681352642821e-03
8.526427749419890345e-03
8.850602035441903701e-03
9.213388868083143002e-03
9.521453416828643684e-03
9.825377585564792557e-03
1.017242704314532016e-02
1.045595250023587976e-02
1.016538818787743846e-02
9.868668903630853015e-03
9.558883970861858578e-03
9.167957534435632050e-03
8.829274928783638343e-03
8.483314259116135278e-03
8.142342901962737467e-03
7.830426166243369471e-03
7.501968398884354718e-03
7.241410436771547089e-03
6.969803845679274981e-03
6.723754611524228146e-03
6.439921676508772973e-03
6.203280746339430614e-03
5.971929268270151706e-03
5.717728071479129086e-03
5.531644351051419328e-03
5.269235354221019421e-03
5.060117586058420804e-03
4.858813333070192107e-03
4.632723214817048747e-03
4.466138713407505519e-03
4.315386658048251355e-03
4.135259282614412411e-03
3.961077843500416563e-03
3.784987143085894769e-03
3.609187957938658764e-03
3.459841729438115771e-03
3.308177001294176391e-03
3.192757520014898823e-03
3.059162167205456764e-03
2.950836004909567628e-03
2.814071029129006953e-03
2.721893034448123142e-03
2.608753732699513588e-03
2.498681626549602991e-03
2.401678527007059059e-03
2.293529202998148119e-03
2.196202846467384864e-03
2.095668129318366095e-03
1.992658428262219974e-03
1.900505381759432909e-03
1.823284756368791703e-03
1.742326019085745342e-03
1.668966644180249750e-03
1.594985195876752471e-03
1.503995449468543922e-03
1.429656434095114741e-03
1.368670175367603901e-03
1.331036314721300087e-03
1.276593992429509361e-03
1.214101808338216440e-03
1.161889707382654773e-03
1.136647694629535927e-03
1.080413506267942619e-03
1.033173049620556439e-03
9.890428349608819912e-04
9.486221637232476181e-04
9.140966308753509673e-04
8.671027293608936414e-04
8.278786291215379503e-04
7.749007150129584793e-04
7.363622537279500627e-04
7.165193623037876538e-04
6.968879255580788393e-04
6.753868474492570780e-04
6.274304012704091547e-04
5.865939132117819641e-04
5.686216901278542263e-04
5.587873125468789367e-04
5.443302594492162218e-04
5.074259966356503516e-04
4.766442248994592706e-04
4.738354076679276604e-04
4.523796125396059380e-04
4.450255095515891169e-04
4.239818895723857298e-04
4.212237116742532494e-04
4.172700806020020908e-04
4.056665972192246509e-04
3.836675085848161048e-04
3.593133582027487061e-04
3.351927448966663748e-04
3.252708147908408166e-04
3.165175163874709157e-04
2.895220054044416618e-04
2.907289106120848404e-04
2.723290128624025774e-04
2.599746011279325348e-04
2.587945824713879244e-04
2.481852323059550677e-04
2.411077213084221514e-04
2.340055281646983036e-04
2.178647223577451122e-04
2.203322931113818768e-04
2.253718468215251821e-04
2.188491779530352740e-04
2.184685369845188179e-04
2.020866991895668154e-04
2.031428967835730882e-04
1.920058695682531804e-04
1.760335285217109612e-04
1.702375423613880902e-04
1.407018390794103301e-04
1.295117393285896018e-04
1.279259229190344150e-04
1.219002453600702283e-04
9.783247061286612194e-05
8.963625280290208653e-05
9.224635357881032498e-05
1.062075477096736709e-04
9.100406428759053501e-05
9.676097653538651892e-05
9.298966289953441880e-05
9.086077588856445071e-05
7.124296548329816137e-05
5.756370955483157512e-05
5.855036664758294079e-05
5.934149435245113902e-05
5.530152748198664250e-05
6.361969467860108978e-05
6.013892193025324170e-05
7.985773960661629882e-05
7.745155242362469490e-05
7.316931231901832090e-05
7.136851188657789631e-05
7.125014580072472142e-05
6.172400045591397335e-05
7.668481647406083220e-05
6.708652532348150703e-05
6.836768046384067443e-05
7.369600306018760864e-05
6.741708255471894247e-05
6.314804192508539145e-05
5.280603849874734423e-05
3.935183620682168479e-05
4.746037166234584056e-05
6.078708773625540062e-05
6.092012081100384630e-05
4.598583104300215600e-05
5.159100174034011202e-05
5.022559589374972337e-05
5.946064080839118287e-05
3.013366413388362416e-05
1.469285969455616191e-05
2.214157560215438695e-10
5.502385794402155959e-06
1.303371607063288554e-05
2.290577994212471418e-05
-4.090234854435100329e-06
-2.221669181780728222e-06
4.943550573968457390e-06
1.000534831623808241e-05
-4.564968968490107242e-07
-4.264795771479882524e-06
-1.343444134181688324e-05
-2.875252435132736757e-05
-9.213482144507959294e-06
-9.893954600795290359e-06
-2.522950195247075709e-05
-1.919322123783698391e-05
-3.880703455906327605e-05
-3.634351122187487850e-05
-6.796053988905088493e-05
-7.349014339056598457e-05
-7.257780274385730091e-05
-6.481947817340044280e-05
-7.641526596724819073e-05
-5.434990721857523791e-05
-5.167754856069090388e-05
-4.182024608567098820e-05
-4.020074796162641999e-05
-3.673949525943488471e-05
-4.260028268420773957e-05
-4.550994971242557156e-05
-4.329608385296715900e-05
-5.408802059567290732e-05
-5.800627486433054196e-05
-4.686815497511656728e-05
-4.479676163587103290e-05
-3.174479738854655561e-05
-4.957871011246626412e-05
-5.629824737838831769e-05
-4.853767451026188011e-05
-5.050666879783945011e-05
-6.030191162260175198e-05
-5.000232546089255700e-05
-5.522734181767583334e-05
-4.840521176116654626e-05
-4.673266127169830035e-05
-2.996028147964320415e-05
-3.090905804038899445e-05
-3.160298492778255481e-05
-3.892272658548390847e-05
-3.212757124485575905e-05
-2.879751306969300579e-05
-2.220473149172033818e-05
-2.018025142533295258e-05
-2.581069075798825567e-05
-2.252122852775352419e-05
-1.894462119738471684e-05
-2.934661068376274412e-05
-3.147595022340445676e-05
-2.447652009174980915e-05
-2.562565172225969196e-05
-2.430402358412229858e-05
-1.018142492835845021e-05
-3.872973665317378515e-05
-3.135849294163083311e-05
-3.347569389191601988e-05
-1.627806011109188432e-05
-1.360057951324604229e-05
-7.937501047378941270e-06
-8.905086806862478040e-06
-1.205704953108449845e-05
-2.562922468368620939e-06
5.991519902368303188e-06
2.666458311620460483e-05
1.828661076836442286e-05
1.827737057211487216e-05
2.771509016772835728e-05
3.258324647663514559e-05
3.538766093237276752e-05
3.827074660004456223e-05
4.498312013959487968e-05
4.710422864996202322e-05
5.049292199590269751e-05
5.147097298054419714e-05
5.301357967867851434e-05
4.688478129713149068e-05
4.404794311079580568e-05
4.219903138847698909e-05
2.521517110541689533e-05
2.504010100630113273e-05
1.479715976522854899e-05
1.914787247387340582e-05
2.178057449276952319e-05
2.814730364549493431e-05
2.629999367011364968e-05
1.343828059086984338e-05
9.726811354072877113e-06
9.586486315664937853e-06
2.310007759446582826e-05
2.316949043421802170e-05
3.262452713302413197e-05
2.653237365871439544e-05
1.730845623433625749e-05
1.636613379910797149e-05
2.318121744936362717e-05
2.275931085340287028e-05
1.891656743993254263e-06
