-6.967570653179112059e-05
-7.946203197385561662e-05
-8.889651328118151181e-05
-8.458038647293124671e-05
-7.989103765858563907e-05
-6.104676463560801576e-05
-4.670118011155916345e-05
-4.084392308638997446e-05
-4.781664242061521006e-05
-4.222074647643868524e-05
-4.527278353417442803e-05
-5.715884776968158093e-05
-5.036223084173985102e-05
-5.471694388116559897e-05
-4.035736351047089699e-05
-3.611332608807495657e-05
-1.711285136661313842e-05
-8.162919666486349583e-06
-2.007121739162719939e-05
-1.468732841168906025e-05
-2.436503800584014930e-06
7.934720250319101878e-06
-8.038948278541387273e-06
1.349300056964028033e-06
-1.456022880228427615e-05
-1.869605017077130386e-05
-1.340797320384090518e-05
-1.767687351562645780e-05
-1.635257221766481779e-05
-1.782170752534711162e-05
-1.371421030871081781e-05
6.532116194006738763e-06
1.344716668896581751e-06
-2.086477765267641716e-05
-7.424910710214922692e-06
5.897661800633036647e-06
1.572897754159109288e-05
1.757236782683642689e-05
2.204159960105872961e-05
4.694049635084289462e-05
5.504981269951671359e-05
7.264554579390984353e-05
6.891832509953405104e-05
6.844697631922552652e-05
6.743544697192862007e-05
5.758678559644128686e-05
5.789174573248019433e-05
5.575663129912857290e-05
7.775862832903217888e-05
7.735809181804258997e-05
9.463341013286545426e-05
1.008289497935915721e-04
1.153071099356692503e-04
9.949254858499402955e-05
1.025176551291395982e-04
1.182689619615577331e-04
1.280147074617571162e-04
1.320190164796860080e-04
1.485448050583911190e-04
1.616388556213025414e-04
1.663048360963751977e-04
1.793054585706569705e-04
1.721771071034458513e-04
1.734227355925130971e-04
1.741990303172190758e-04
1.839818167079117206e-04
1.426983444301759441e-04
1.402829020083605916e-04
1.443230790215705849e-04
1.260936343052735894e-04
1.258135510451647762e-04
1.229875149700808401e-04
1.209798671766571508e-04
1.130526172859492993e-04
1.015692328806910930e-04
1.003483724758200395e-04
1.125119681526751158e-04
1.295994329746208277e-04
1.214359729659447425e-04
1.059552777507232027e-04
1.087478746328737566e-04
1.136738583752006516e-04
1.138112449931068140e-04
1.174232700492480090e-04
1.155382727356373690e-04
1.209722983349912528e-04
1.108283704859567496e-04
1.173644399866863769e-04
1.246120036358393159e-04
1.112622037853404832e-04
9.661905481659500679e-05
9.557820294482107610e-05
1.142248868239683414e-04
9.352496632733235562e-05
9.065130174135642557e-05
8.695005557112963355e-05
8.100756888086456723e-05
8.515405463563022637e-05
6.056578206524674412e-05
5.131727530350911913e-05
5.171372011146588407e-05
3.839323942453183944e-05
3.972807818515389737e-05
3.881925832871864810e-05
3.708761411100952116e-05
5.076858359852796200e-05
5.243434984634111221e-05
7.312764608229015899e-05
7.892824476061261645e-05
9.800668730963208320e-05
7.393997602358004322e-05
7.919465294883624941e-05
9.523700314425339512e-05
1.055273576534327296e-04
1.017821812766279407e-04
1.075320607253609374e-04
1.247965383535299300e-04
1.282244218273821581e-04
1.463044136324212702e-04
1.266877594904762083e-04
1.054212104837164675e-04
1.085726273475012485e-04
1.115711575814206969e-04
1.084588520703750155e-04
1.074341348532531184e-04
1.043808002543773452e-04
1.071476017351582788e-04
1.044494411355176300e-04
1.025417382554237052e-04
1.122929817992070260e-04
1.091486518784366802e-04
1.012351329323758027e-04
1.144114298327634301e-04
1.159437241062020123e-04
1.160828124973703999e-04
1.021213039918853009e-04
1.105254328482967592e-04
1.214861912490084193e-04
1.310039638704080548e-04
1.105134144288836840e-04
1.459413734160837708e-04
1.369588629493658134e-04
1.138394841593656808e-04
1.254565455699247129e-04
1.268739720883816898e-04
1.265268079549119193e-04
1.320605533333315260e-04
1.417098585997026284e-04
1.622575577357673892e-04
1.746053560513347773e-04
1.667879296869603919e-04
1.708100477746596617e-04
1.802101994397116913e-04
1.839960358741446294e-04
1.948159574729790052e-04
1.859007340627527409e-04
1.761369512703336046e-04
1.785780271270209362e-04
1.922184992068472686e-04
1.881594495066317039e-04
2.079402337516340069e-04
2.205045685049009259e-04
2.147946001625509538e-04
2.106120394580875631e-04
2.028032808663408080e-04
1.987174307030097715e-04
2.157166478730921896e-04
2.224443028136675058e-04
2.345159763426275139e-04
2.459818252903318847e-04
2.542983128563899072e-04
2.704075362182088477e-04
2.812980300951169123e-04
3.029854491863755140e-04
3.226625507310343800e-04
3.097350337220921234e-04
3.317259988240124310e-04
3.459707338363587816e-04
3.765449450186987438e-04
3.939616475519358107e-04
4.157474863395182476e-04
4.113231162443100274e-04
4.202080800635818892e-04
4.339843824587186097e-04
4.510545128970766386e-04
4.599200282679160581e-04
4.887637773437755262e-04
4.896156994458592980e-04
5.293172462515834294e-04
5.627705081056274313e-04
5.918340105931803709e-04
6.308332434364072316e-04
6.690106770772175819e-04
7.106711605807837636e-04
7.199186804056551588e-04
7.379988667512094513e-04
7.745900242566496627e-04
8.060283632759455410e-04
8.460167881194967463e-04
8.649380697416136259e-04
8.882813360453604718e-04
9.210337503539386267e-04
9.583961775850175771e-04
9.860794677152735777e-04
1.033046829917320985e-03
1.064056153650057594e-03
1.134696825541951564e-03
1.171041800284200072e-03
1.235515923689532378e-03
1.300730917277519941e-03
1.356359719766534475e-03
1.422335805774385198e-03
1.501961260694623665e-03
1.611617393603845781e-03
1.684560106168994263e-03
1.754909904700306016e-03
1.845757446425658546e-03
1.940905465162400065e-03
2.047791774613839846e-03
2.164494602276439104e-03
2.268235266201880807e-03
2.361279653083685637e-03
2.488709516343783675e-03
2.619864230474058635e-03
2.733010074621222956e-03
2.852202628309923049e-03
3.006968750912269051e-03
3.191177735491172208e-03
3.396195194823065523e-03
3.574040726568562809e-03
3.757963200994270721e-03
3.965011281563502604e-03
4.147990730140478297e-03
4.428916278907148001e-03
4.619238659401957853e-03
4.855162775229475772e-03
5.115573437715195682e-03
5.403846855221067051e-03
5.658629148697606401e-03
5.973548509159743412e-03
6.290102457887098569e-03
6.641989485818039496e-03
7.002741869055697892e-03
7.342311078719829069e-03
7.704829025861410947e-03
8.084992997383763300e-03
8.576827856375252371e-03
9.018249796641330043e-03
9.495274949056052224e-03
1.002017640585748347e-02
1.025925238333641291e-02
1.024706170073696673e-02
1.017344410741926990e-02
1.010440805015516870e-02
1.002064254555614514e-02
9.899693096985432914e-03
9.749326235870150667e-03
9.585476963188252139e-03
9.437596153351839393e-03
9.264300181514256369e-03
9.083074046613424934e-03
8.919232927663837268e-03
8.746289832971512052e-03
8.597551452359367130e-03
8.385254287188687733e-03
8.185911049335114695e-03
7.998640813914366030e-03
7.787098374433224987e-03
7.552575678445798413e-03
7.371442695885981403e-03
7.172859429385407617e-03
6.963635487544012244e-03
6.759355777425369617e-03
6.581259232578447714e-03
6.375985545063429967e-03
6.188617534895399230e-03
6.004573316008109465e-03
5.840511694774001838e-03
5.658433316392529402e-03
5.493897573268170971e-03
5.286568810672759126e-03
5.143060887534310448e-03
4.991987678269505478e-03
4.822152226346730977e-03
4.647464925531879024e-03
4.489480681469734495e-03
4.320975239652324364e-03
4.189764011754101500e-03
4.013818363154003990e-03
3.884034438102069563e-03
3.778960044369616533e-03
3.622885768903660961e-03
3.499543367661644543e-03
3.379991815833752709e-03
3.245195595700192930e-03
3.162616543527536819e-03
3.082385803282429709e-03
2.996795561421810097e-03
2.914324676766672905e-03
2.801906944141461034e-03
2.686198746778311382e-03
2.589796301048182155e-03
2.499139591163429455e-03
2.411716415373009372e-03
2.314424066184884651e-03
2.247439254085313500e-03
2.139597291100955433e-03
2.086162087981340441e-03
2.003666045386475695e-03
1.922082110267769395e-03
1.856200158150679309e-03
1.796816776515486585e-03
1.752916164099756549e-03
1.687901007733646954e-03
1.596880652117696822e-03
1.556383256739134451e-03
1.513654700115733961e-03
1.435263614800840653e-03
1.395344272527784596e-03
1.352423009308059915e-03
1.307309439606047733e-03
1.260613136292294996e-03
1.226564046251959160e-03
1.191490424091300399e-03
1.132164980303684973e-03
1.078561285376568313e-03
1.043618975237295280e-03
9.902082173854163255e-04
9.445408904669097419e-04
9.190937414514424022e-04
9.008249351185805987e-04
8.552608254243204136e-04
8.542626822039785846e-04
8.008485064445037931e-04
7.643189125123001472e-04
7.523662907266373979e-04
7.433576822987030420e-04
7.038569543563667113e-04
6.774141553677256187e-04
6.875852433976230174e-04
6.665992641061915932e-04
6.605001045929366965e-04
6.379276512768745997e-04
6.406317789454429911e-04
6.000764612760267668e-04
5.778274921558793596e-04
5.283677133490209850e-04
5.060620418065904643e-04
5.049243188724046290e-04
4.877152656271289640e-04
4.841621575014432065e-04
4.500429544965097698e-04
4.249156886669059924e-04
3.864757747919690288e-04
3.615006382298305353e-04
3.505000068290328990e-04
3.378414326418349755e-04
3.111761106722175148e-04
3.103036223714645864e-04
3.035594657359557270e-04
3.185109293511386732e-04
3.226842520041075797e-04
3.118991723241646254e-04
3.174646543038465584e-04
3.113849818238873272e-04
2.705720376532131863e-04
2.640620455936229733e-04
2.488665744772105789e-04
2.593663512096058008e-04
2.651809417586376049e-04
2.525326554351172326e-04
2.564854695387233131e-04
2.434050750850850456e-04
2.218380134758563352e-04
2.075450756718960285e-04
2.037408508004498106e-04
2.067530488420615028e-04
1.757293705625861610e-04
1.779073660931064212e-04
1.873081118345277661e-04
2.096568488978715525e-04
1.924471834850879589e-04
2.077004437891570956e-04
2.302547020717686359e-04
2.151243815745271519e-04
1.906632330509071456e-04
1.757845778678522662e-04
1.646409132228449155e-04
1.512282125330064895e-04
1.581156395245966230e-04
1.775251861565037780e-04
1.547201817140705850e-04
1.509710940691237624e-04
1.424196494916741672e-04
1.462774342512195599e-04
1.703695291283644636e-04
1.805509774156747343e-04
1.729942078341280992e-04
1.583171917582534502e-04
1.664535493318569669e-04
1.616716780494334448e-04
1.466245990883457289e-04
1.374203415898197936e-04
1.480159947100077877e-04
1.472095252287351308e-04
1.357568402698773927e-04
1.238345166717966489e-04
1.093395702388901561e-04
1.185173397065358001e-04
1.144950129211303461e-04
1.202174882039031982e-04
7.938215564375142037e-05
5.104679202969544235e-05
3.167736457558749451e-05
3.275594570296845771e-05
4.523405130541603225e-05
3.912172303582625945e-05
3.252555953489446921e-05
2.488158140588085849e-05
3.042198011088272471e-05
2.854363968483100892e-05
5.160314633635045413e-05
4.406093426239798968e-05
4.984659409746217406e-05
4.026486995909803185e-05
6.643320079728397092e-05
6.829371894088361061e-05
5.944238785364105418e-05
6.976324042303841421e-05
6.492708156320952523e-05
6.743619049041037466e-05
4.231727230575575873e-05
1.843418326208083754e-05
3.296113728611289189e-06
3.740934232406948218e-06
4.393315876822191513e-06
1.595358469641465523e-05
1.249240217804991829e-05
3.129047173052751881e-06
5.281139481107728718e-06
1.197109745482446451e-05
1.948253243718463037e-05
3.477701830265311046e-05
3.080098967896864950e-05
3.607715768259680454e-05
5.907358570123762007e-05
6.372523954242868913e-05
5.077000961849995617e-05
5.933149408042656740e-05
5.841209084851233636e-05
5.755285704795051977e-05
3.211199032528045825e-05
9.662431301128294106e-06
-1.167609188985180478e-07
1.504577177269416436e-05
2.126957785726200261e-05
1.117100191778045566e-05
2.444431511474041467e-06
-5.539537246059231188e-06
-1.570791360539012570e-05
-2.338121359321159766e-05
-5.606538067070256240e-07
6.469988841318172216e-06
5.132389749576013067e-06
-7.376354627344769576e-06
-1.831628054991188003e-05
-1.160756547291651903e-05
-2.805703238165540920e-06
-3.685955425934620740e-06
-4.437360273052950844e-06
-7.024254062296385551e-06
5.187859667373403713e-06
-2.585111500838529193e-07
-1.583108288459652644e-05
-7.692814838336302675e-06
-1.460458177790846419e-05
-1.313538229435856767e-05
-1.162371543628997736e-05
-2.197591132233615280e-05
-2.086357162690423458e-05
-1.811336698786073103e-06
1.962718981229257935e-05
1.298135445940158171e-05
8.982870338366160249e-06
2.473477587164567558e-05
2.864153973602759915e-05
1.484060946817503331e-05
-1.597276919988074270e-06
2.454827360375038325e-05
1.775399395724189882e-05
3.822573673899572520e-05
3.805843353942746908e-05
2.975819186389695091e-05
2.820302149869159463e-05
2.456659717983251270e-05
2.916519257126985298e-05
1.562741291844550390e-05
1.964997593054349239e-05
3.941241147648943206e-06
5.633710608732407680e-06
1.991960112647726992e-05
