9.579461634264769339e-05
1.191446285340083650e-04
1.424308428778516379e-04
7.238054376106332498e-05
1.191446285340083650e-04
9.579461634264769339e-05
1.191446285340083650e-04
-5.765904285988700251e-04
-5.281832145282797921e-04
1.191446285340083650e-04
1.424308428778516379e-04
9.579461634264769339e-05
9.579461634264769339e-05
9.579461634264769339e-05
9.579461634264769339e-05
4.890214680413073500e-05
9.579461634264769339e-05
1.191446285340083650e-04
9.579461634264769339e-05
1.656535204841815326e-04
1.424308428778516379e-04
8.148796856668867822e-04
8.148796856668867822e-04
7.924827351976259293e-04
8.372154422824064314e-04
8.148796856668867822e-04
7.924827351976259293e-04
7.924827351976259293e-04
7.700243390479414272e-04
7.924827351976259293e-04
1.424308428778516379e-04
1.191446285340083650e-04
1.656535204841815326e-04
1.888129210398129475e-04
1.424308428778516379e-04
1.191446285340083650e-04
9.579461634264769339e-05
9.579461634264769339e-05
1.191446285340083650e-04
1.656535204841815326e-04
1.656535204841815326e-04
9.579461634264769339e-05
9.579461634264769339e-05
4.890214680413073500e-05
9.579461634264769339e-05
9.579461634264769339e-05
9.579461634264769339e-05
2.535916003463531271e-05
1.751316552276267817e-06
2.535916003463531271e-05
-2.525494430849033189e-04
-2.525494430849033189e-04
9.579461634264769339e-05
1.424308428778516379e-04
1.888129210398129475e-04
1.656535204841815326e-04
1.888129210398129475e-04
1.656535204841815326e-04
9.579461634264769339e-05
7.238054376106332498e-05
9.579461634264769339e-05
1.191446285340083650e-04
1.191446285340083650e-04
1.656535204841815326e-04
1.424308428778516379e-04
1.424308428778516379e-04
1.191446285340083650e-04
7.238054376106332498e-05
4.890214680413073500e-05
-6.252632515259386745e-04
-5.765904285988700251e-04
-6.008935025123305967e-04
-5.765904285988700251e-04
-6.008935025123305967e-04
-5.040785323173179724e-04
-4.800394410783588714e-04
-4.800394410783588714e-04
-4.083130468939446655e-04
-3.845336604592875743e-04
-4.321569635497138676e-04
-3.608185426368601422e-04
-4.083130468939446655e-04
-3.371674332293642540e-04
-3.608185426368601422e-04
-3.608185426368601422e-04
-3.371674332293642540e-04
-3.371674332293642540e-04
-3.608185426368601422e-04
2.808228972308982638e-04
3.036697587073350314e-04
3.036697587073350314e-04
3.036697587073350314e-04
2.808228972308982638e-04
3.036697587073350314e-04
-4.083130468939446655e-04
2.579140361302509560e-04
2.579140361302509560e-04
3.036697587073350314e-04
3.036697587073350314e-04
3.264548719092669020e-04
3.264548719092669020e-04
3.264548719092669020e-04
3.264548719092669020e-04
3.264548719092669020e-04
3.718408521153411962e-04
3.718408521153411962e-04
3.944422150711989709e-04
3.491784868301959035e-04
4.169828216747819118e-04
3.036697587073350314e-04
3.036697587073350314e-04
3.036697587073350314e-04
3.264548719092669020e-04
9.699588413557411930e-04
9.699588413557411930e-04
1.035524406889878034e-03
1.057261777673473456e-03
1.742682703231605715e-03
1.721870326949438137e-03
1.659094785480584285e-03
1.659094785480584285e-03
1.574595827754074733e-03
1.532000041686961116e-03
1.532000041686961116e-03
1.510614742799765240e-03
1.510614742799765240e-03
1.532000041686961116e-03
1.574595827754074733e-03
1.574595827754074733e-03
8.817043743969438675e-04
8.372154422824064314e-04
9.038580467152033254e-04
8.817043743969438675e-04
8.594902554967660769e-04
8.817043743969438675e-04
9.038580467152033254e-04
8.817043743969438675e-04
9.479850358103383487e-04
9.699588413557411930e-04
9.699588413557411930e-04
1.574595827754074733e-03
1.595806790611984478e-03
1.574595827754074733e-03
1.574595827754074733e-03
1.574595827754074733e-03
1.574595827754074733e-03
1.595806790611984478e-03
1.595806790611984478e-03
1.595806790611984478e-03
1.638056035490303118e-03
1.680076597040580351e-03
1.659094785480584285e-03
1.659094785480584285e-03
1.659094785480584285e-03
1.680076597040580351e-03
1.742682703231605715e-03
1.721870326949438137e-03
1.721870326949438137e-03
1.680076597040580351e-03
1.701001701001521099e-03
1.721870326949438137e-03
1.701001701001521099e-03
2.348230729605427052e-03
2.307968711130788456e-03
2.307968711130788456e-03
1.659094785480584285e-03
2.368280016207203065e-03
2.388275115547770170e-03
2.428103628789737758e-03
2.408216247008998240e-03
2.408216247008998240e-03
2.388275115547770170e-03
2.408216247008998240e-03
2.388275115547770170e-03
2.388275115547770170e-03
2.428103628789737758e-03
2.408216247008998240e-03
2.368280016207203065e-03
3.037366673730270035e-03
3.056483435373825563e-03
3.056483435373825563e-03
3.075548530093897160e-03
3.037366673730270035e-03
3.056483435373825563e-03
3.018198034850232657e-03
3.726502617855113018e-03
4.088788564123820891e-03
4.088788564123820891e-03
4.124081047157959756e-03
4.071070589917596093e-03
4.071070589917596093e-03
4.088788564123820891e-03
4.106458651913026496e-03
4.124081047157959756e-03
4.141655942685128905e-03
4.176664000710779596e-03
4.159183530283557841e-03
3.511436702406716716e-03
3.529738601637281807e-03
3.529738601637281807e-03
3.511436702406716716e-03
3.474685109335867543e-03
3.437735127098277572e-03
3.437735127098277572e-03
3.456235017126997079e-03
3.456235017126997079e-03
3.456235017126997079e-03
3.437735127098277572e-03
3.456235017126997079e-03
3.437735127098277572e-03
3.456235017126997079e-03
4.106458651913026496e-03
4.776991983290443389e-03
4.776991983290443389e-03
4.793732066459154353e-03
4.810426967217520076e-03
4.793732066459154353e-03
4.810426967217520076e-03
4.810426967217520076e-03
5.121093692873815786e-03
5.072003095718473353e-03
5.072003095718473353e-03
5.072003095718473353e-03
5.088411033890126965e-03
5.137368773732278564e-03
4.501432740757464572e-03
4.501432740757464572e-03
4.450095359186151574e-03
4.467254007187678767e-03
4.484366405464134536e-03
3.816934319809651976e-03
3.834874802616664372e-03
4.484366405464134536e-03
4.501432740757464572e-03
4.501432740757464572e-03
5.185931161705154870e-03
5.234102967468770053e-03
5.185931161705154870e-03
5.202031594993369000e-03
5.250074253360133628e-03
5.900749646936266114e-03
6.569188387370073628e-03
6.569188387370073628e-03
6.554928003600536332e-03
7.239426424548226630e-03
6.924740908877536141e-03
7.239426424548226630e-03
7.911471033254917698e-03
7.252766783558425509e-03
7.239426424548226630e-03
7.226050107696785005e-03
7.226050107696785005e-03
5.855208256580520486e-03
5.839945847306799408e-03
5.793910450229764267e-03
4.793732066459154353e-03
4.793732066459154353e-03
4.810426967217520076e-03
4.124081047157959756e-03
3.456235017126997079e-03
3.511436702406716716e-03
3.474685109335867543e-03
3.816934319809651976e-03
3.780908087128118447e-03
3.113524554347870017e-03
3.170106281759707371e-03
2.487445440465567686e-03
3.132435898861961679e-03
3.151296406428312057e-03
3.132435898861961679e-03
3.132435898861961679e-03
3.113524554347870017e-03
3.132435898861961679e-03
3.780908087128118447e-03
3.780908087128118447e-03
3.762821944640024584e-03
3.816934319809651976e-03
3.798945479906002277e-03
3.798945479906002277e-03
3.762821944640024584e-03
3.744686854540570358e-03
3.762821944640024584e-03
3.726502617855113018e-03
3.726502617855113018e-03
3.708269034530197426e-03
3.671653022302450668e-03
3.018198034850232657e-03
2.941000460534149916e-03
3.634837195546611159e-03
3.597819914198524104e-03
3.579235210617539090e-03
3.597819914198524104e-03
3.579235210617539090e-03
3.560599520195453782e-03
2.862955724908575368e-03
2.862955724908575368e-03
2.902084857065521939e-03
2.921569240496193869e-03
2.882547091762560718e-03
2.206349799932643373e-03
2.226784641091639292e-03
2.226784641091639292e-03
2.226784641091639292e-03
2.185858972907582347e-03
1.553326990509227212e-03
1.510614742799765240e-03
1.879392341389300204e-03
1.206408623002935008e-03
1.249832418663655376e-03
1.228150101075447826e-03
1.184607741984745411e-03
1.184607741984745411e-03
1.140826794625053207e-03
1.140826794625053207e-03
1.118846236691318401e-03
1.162747214233387756e-03
1.184607741984745411e-03
1.184607741984745411e-03
1.184607741984745411e-03
1.184607741984745411e-03
1.184607741984745411e-03
5.804472207634237034e-04
5.352586477183168519e-04
5.578836747668742234e-04
5.578836747668742234e-04
5.352586477183168519e-04
5.804472207634237034e-04
5.804472207634237034e-04
6.477714682905852395e-04
6.700915791823915460e-04
6.700915791823915460e-04
6.700915791823915460e-04
6.029495359702945981e-04
6.477714682905852395e-04
6.700915791823915460e-04
6.923514468600369415e-04
6.923514468600369415e-04
6.923514468600369415e-04
6.923514468600369415e-04
7.145513148943463937e-04
7.145513148943463937e-04
6.700915791823915460e-04
6.700915791823915460e-04
6.700915791823915460e-04
6.923514468600369415e-04
7.366914255449835127e-04
7.145513148943463937e-04
7.145513148943463937e-04
7.366914255449835127e-04
7.366914255449835127e-04
5.219300459729286961e-05
7.519362358066652421e-05
7.519362358066652421e-05
1.438259926758748356e-04
1.210098699740632679e-04
7.519362358066652421e-05
1.438259926758748356e-04
1.210098699740632679e-04
7.519362358066652421e-05
1.210098699740632679e-04
1.210098699740632679e-04
5.219300459729286961e-05
7.519362358066652421e-05
5.219300459729286961e-05
7.519362358066652421e-05
5.219300459729286961e-05
-6.562905362219180168e-04
-6.562905362219180168e-04
-6.323054163503977329e-04
-6.083847726078071665e-04
-5.845283453581215068e-04
-5.370071087486687515e-04
-5.370071087486687515e-04
2.913038933621422573e-05
-6.374507483158439053e-05
-1.105613753834975888e-04
-1.105613753834975888e-04
-1.105613753834975888e-04
-6.374507483158439053e-05
-1.340650691300297693e-04
-4.043195087603740015e-05
-6.374507483158439053e-05
-4.043195087603740015e-05
-1.718183536373558292e-05
-8.712146370967017127e-05
-6.374507483158439053e-05
-1.718183536373558292e-05
-1.718183536373558292e-05
-1.718183536373558292e-05
6.005526800476803478e-06
2.913038933621422573e-05
2.913038933621422573e-05
6.005526800476803478e-06
5.219300459729286961e-05
2.913038933621422573e-05
6.005526800476803478e-06
6.005526800476803478e-06
6.005526800476803478e-06
2.913038933621422573e-05
7.519362358066652421e-05
5.219300459729286961e-05
3.944422150711989709e-04
2.913038933621422573e-05
7.519362358066652421e-05
7.519362358066652421e-05
5.219300459729286961e-05
6.005526800476803478e-06
2.913038933621422573e-05
7.519362358066652421e-05
2.913038933621422573e-05
6.005526800476803478e-06
2.913038933621422573e-05
-1.718183536373558292e-05
6.005526800476803478e-06
6.005526800476803478e-06
-1.718183536373558292e-05
-4.043195087603740015e-05
6.005526800476803478e-06
-6.374507483158439053e-05
-8.712146370967017127e-05
-1.812648470219874793e-04
-1.340650691300297693e-04
-8.260138130268109219e-04
-8.260138130268109219e-04
-1.576328056388140409e-04
-2.287229000324926228e-04
-2.287229000324926228e-04
-8.997460562289187527e-04
-9.740851491693157567e-04
-9.740851491693157567e-04
-1.620193014298249457e-03
-9.740851491693157567e-04
-9.740851491693157567e-04
-9.990009990010284904e-04
-9.740851491693157567e-04
-1.023985393123887869e-03
-1.049038614778641590e-03
-9.740851491693157567e-04
-2.764413538824376680e-04
-2.764413538824376680e-04
-2.287229000324926228e-04
-2.287229000324926228e-04
-2.049614568243640134e-04
-2.287229000324926228e-04
-1.812648470219874793e-04
-2.764413538824376680e-04
-2.287229000324926228e-04
-2.287229000324926228e-04
-2.525494430849033189e-04
-2.287229000324926228e-04
-2.287229000324926228e-04
-1.340650691300297693e-04
-2.049614568243640134e-04
-1.812648470219874793e-04
-1.340650691300297693e-04
-1.105613753834975888e-04
-1.105613753834975888e-04
-8.712146370967017127e-05
-6.374507483158439053e-05
6.253908692932585523e-04
6.700915791823915460e-04
-4.043195087603740015e-05
6.477714682905852395e-04
6.700915791823915460e-04
7.145513148943463937e-04
6.700915791823915460e-04
6.477714682905852395e-04
6.700915791823915460e-04
7.366914255449835127e-04
7.587720197690187842e-04
7.366914255449835127e-04
8.027556163066827113e-04
7.587720197690187842e-04
7.366914255449835127e-04
7.587720197690187842e-04
7.145513148943463937e-04
7.587720197690187842e-04
7.807933372301578646e-04
7.807933372301578646e-04
7.807933372301578646e-04
7.807933372301578646e-04
7.807933372301578646e-04
7.587720197690187842e-04
6.700915791823915460e-04
6.700915791823915460e-04
7.366914255449835127e-04
7.366914255449835127e-04
6.477714682905852395e-04
6.700915791823915460e-04
6.700915791823915460e-04
1.314526813418101427e-03
1.293020535650259368e-03
1.271455816910345036e-03
1.335974887457330035e-03
1.314526813418101427e-03
1.314526813418101427e-03
1.357364993728518536e-03
1.314526813418101427e-03
1.335974887457330035e-03
1.314526813418101427e-03
1.335974887457330035e-03
